#Year Month Day Avg. Irradiation (W/m2)
2008 01 01   2.62086956522
2008 01 02   1.60458333333
2008 01 03   4.1325
2008 01 04   12.7479166667
2008 01 05   2.47625
2008 01 06   1.94041666667
2008 01 07   1.88416666667
2008 01 08   1.35791666667
2008 01 09   3.88083333333
2008 01 10   14.3908333333
2008 01 11   8.89916666667
2008 01 12   3.48916666667
2008 01 13   21.5525
2008 01 14   23.04625
2008 01 15   6.57041666667
2008 01 16   3.04583333333
2008 01 17   18.7729166667
2008 01 18   2.32166666667
2008 01 19   5.05958333333
2008 01 20   23.95375
2008 01 21   11.9629166667
2008 01 22   18.0275
2008 01 23   16.1041666667
2008 01 24   11.0691666667
2008 01 25   11.0175
2008 01 26   18.3883333333
2008 01 27   35.7970833333
2008 01 28   22.4679166667
2008 01 29   13.4654166667
2008 01 30   4.66333333333
2008 01 31   36.1095833333
2008 02 01   22.94625
2008 02 02   12.90375
2008 02 03   13.3058333333
2008 02 04   33.1866666667
2008 02 05   10.7475
2008 02 06   5.03
2008 02 07   6.89041666667
2008 02 08   33.5316666667
2008 02 09   11.7883333333
2008 02 10   11.08875
2008 02 11   28.8945833333
2008 02 12   15.94375
2008 02 13   66.1558333333
2008 02 14   68.465
2008 02 15   68.4495833333
2008 02 16   60.1216666667
2008 02 17   41.0145833333
2008 02 18   44.3095833333
2008 02 19   59.9041666667
2008 02 20   41.5029166667
2008 02 21   25.8533333333
2008 02 22   67.4604166667
2008 02 23   80.0733333333
2008 02 24   24.6020833333
2008 02 25   94.3670833333
2008 02 26   25.3370833333
2008 02 27   31.9733333333
2008 02 28   98.1279166667
2008 02 29   94.7729166667
2008 03 01   13.4704166667
2008 03 02   25.4808333333
2008 03 03   27.6216666667
2008 03 04   114.31375
2008 03 05   104.22
2008 03 06   97.76875
2008 03 07   122.401666667
2008 03 08   83.8391666667
2008 03 09   32.1866666667
2008 03 10   36.6383333333
2008 03 11   60.6775
2008 03 12   23.7895833333
2008 03 13   37.15
2008 03 14   35.8158333333
2008 03 15   30.7345833333
2008 03 16   106.584166667
2008 03 17   49.8666666667
2008 03 18   58.53625
2008 03 19   71.5070833333
2008 03 20   104.640416667
2008 03 21   88.7708333333
2008 03 22   130.55875
2008 03 23   137.642083333
2008 03 24   80.295
2008 03 25   122.647916667
2008 03 26   134.602083333
2008 03 27   186.36125
2008 03 28   164.580416667
2008 03 29   110.013333333
2008 03 30   180.367083333
2008 03 31   152.053333333
2008 04 01   150.5
2008 04 02   147.9375
2008 04 03   112.13125
2008 04 04   150.956666667
2008 04 05   187.967916667
2008 04 06   77.8533333333
2008 04 07   77.9204166667
2008 04 08   27.33
2008 04 09   91.8245833333
2008 04 10   119.202916667
2008 04 11   180.332916667
2008 04 12   99.63375
2008 04 13   52.205
2008 04 14   150.319166667
2008 04 15   134.444166667
2008 04 16   133.2675
2008 04 17   203.951666667
2008 04 18   217.54625
2008 04 19   151.5025
2008 04 20   242.952916667
2008 04 21   243.48
2008 04 22   265.703333333
2008 04 23   265.790416667
2008 04 24   267.560416667
2008 04 25   266.82125
2008 04 26   195.330833333
2008 04 27   152.592083333
2008 04 28   158.8475
2008 04 29   266.1175
2008 04 30   179.404583333
2008 05 01   186.217916667
2008 05 02   89.2945833333
2008 05 03   191.867916667
2008 05 04   210.4725
2008 05 05   217.960416667
2008 05 06   234.234583333
2008 05 07   169.380833333
2008 05 08   272.104583333
2008 05 09   267.9475
2008 05 10   296.816666667
2008 05 11   285.610416667
2008 05 12   312.360416667
2008 05 13   214.223333333
2008 05 14   122.979166667
2008 05 15   135.97375
2008 05 16   166.265833333
2008 05 17   51.0025
2008 05 18   50.7079166667
2008 05 19   318.292083333
2008 05 20   187.9125
2008 05 21   226.902916667
2008 05 22   307.749166667
2008 05 23   319.034166667
2008 05 24   333.381666667
2008 05 25   307.955833333
2008 05 26   265.89625
2008 05 27   326.34125
2008 05 28   339.493333333
2008 05 29   339.902916667
2008 05 30   295.17
2008 05 31   321.392916667
2008 06 01   318.687916667
2008 06 02   326.827916667
2008 06 03   347.182916667
2008 06 04   345.774583333
2008 06 05   347.041666667
2008 06 06   344.4075
2008 06 07   323.317083333
2008 06 08   284.837083333
2008 06 09   333.9
2008 06 10   245.785416667
2008 06 11   140.47
2008 06 12   244.235
2008 06 13   210.170416667
2008 06 14   116.58375
2008 06 15   273.33
2008 06 16   253.453333333
2008 06 17   232.170833333
2008 06 18   248.199166667
2008 06 19   243.472916667
2008 06 20   295.040416667
2008 06 21   273.36625
2008 06 22   268.816666667
2008 06 23   184.416666667
2008 06 24   197.031666667
2008 06 25   331.195
2008 06 26   332.661666667
2008 06 27   300.721666667
2008 06 28   184.191666667
2008 06 29   288.779583333
2008 06 30   142.275833333
2008 07 01   288.313333333
2008 07 02   203.580416667
2008 07 03   326.680833333
2008 07 04   316.739583333
2008 07 05   308.808333333
2008 07 06   244.39125
2008 07 07   45.8329166667
2008 07 08   98.5225
2008 07 09   273.805833333
2008 07 10   278.810416667
2008 07 11   193.857083333
2008 07 12   282.875
2008 07 13   274.99
2008 07 14   234.506666667
2008 07 15   299.820833333
2008 07 16   287.379166667
2008 07 17   253.013333333
2008 07 18   282.661666667
2008 07 19   219.729583333
2008 07 20   253.2975
2008 07 21   111.131666667
2008 07 22   261.11
2008 07 23   297.655416667
2008 07 24   292.82125
2008 07 25   311.483333333
2008 07 26   305.557916667
2008 07 27   276.32125
2008 07 28   275.72375
2008 07 29   253.768333333
2008 07 30   284.884583333
2008 07 31   280.624166667
2008 08 01   227.269583333
2008 08 02   81.76
2008 08 03   174.59625
2008 08 04   136.380833333
2008 08 05   29.6733333333
2008 08 06   159.585
2008 08 07   70.9179166667
2008 08 08   60.6945833333
2008 08 09   175.717083333
2008 08 10   147.74125
2008 08 11   208.472083333
2008 08 12   200.12
2008 08 13   187.574583333
2008 08 14   148.9625
2008 08 15   205.2175
2008 08 16   133.730416667
2008 08 17   26.3875
2008 08 18   60.0025
2008 08 19   210.26125
2008 08 20   171.56625
2008 08 21   134.424166667
2008 08 22   104.965833333
2008 08 23   196.672083333
2008 08 24   210.776666667
2008 08 25   158.455
2008 08 26   135.465833333
2008 08 27   157.868333333
2008 08 28   123.014583333
2008 08 29   87.3591666667
2008 08 30   170.897083333
2008 08 31   158.379583333
2008 09 01   84.32375
2008 09 02   68.2716666667
2008 09 03   117.105
2008 09 04   189.277083333
2008 09 05   132.07
2008 09 06   37.0941666667
2008 09 07   46.4320833333
2008 09 08   33.1216666667
2008 09 09   50.08625
2008 09 10   41.1558333333
2008 09 11   59.28375
2008 09 12   171.197916667
2008 09 13   82.2208333333
2008 09 14   113.1975
2008 09 15   65.8541666667
2008 09 16   68.4270833333
2008 09 17   63.3383333333
2008 09 18   78.7245833333
2008 09 19   137.532916667
2008 09 20   97.6633333333
2008 09 21   88.8466666667
2008 09 22   68.4825
2008 09 23   103.755416667
2008 09 24   118.891666667
2008 09 25   140.665
2008 09 26   83.81
2008 09 27   69.6933333333
2008 09 28   133.98875
2008 09 29   121.852083333
2008 09 30   76.1095833333
2008 10 01   32.1025
2008 10 02   74.1879166667
2008 10 03   90.1208333333
2008 10 04   79.7508333333
2008 10 05   15.94
2008 10 06   115.865
2008 10 07   95.3425
2008 10 08   105.240833333
2008 10 09   13.9841666667
2008 10 10   56.865
2008 10 11   19.8058333333
2008 10 12   95.1075
2008 10 13   54.50625
2008 10 14   91.5366666667
2008 10 15   69.3658333333
2008 10 16   16.0141666667
2008 10 17   60.1379166667
2008 10 18   71.1054166667
2008 10 19   51.8895833333
2008 10 20   21.49
2008 10 21   14.0983333333
2008 10 22   74.66625
2008 10 23   73.2629166667
2008 10 24   33.44375
2008 10 25   47.0229166667
2008 10 26   7.44375
2008 10 27   45.295
2008 10 28   25.28625
2008 10 29   44.2895833333
2008 10 30   12.2954166667
2008 10 31   8.70916666667
2008 11 01   58.2
2008 11 02   54.7420833333
2008 11 03   33.8783333333
2008 11 04   13.2920833333
2008 11 05   38.3466666667
2008 11 06   47.94125
2008 11 07   27.38125
2008 11 08   10.8804166667
2008 11 09   8.12083333333
2008 11 10   10.8808333333
2008 11 11   7.86291666667
2008 11 12   14.495
2008 11 13   8.90666666667
2008 11 14   5.0475
2008 11 15   13.8154166667
2008 11 16   9.00833333333
2008 11 17   34.3420833333
2008 11 18   6.40916666667
2008 11 19   27.3008333333
2008 11 20   30.6641666667
2008 11 21   29.7220833333
2008 11 22   10.6254166667
2008 11 23   17.5933333333
2008 11 24   7.03625
2008 11 25   11.5841666667
2008 11 26   10.20625
2008 11 27   10.2
2008 11 28   14.0891666667
2008 11 29   3.83833333333
2008 11 30   4.80583333333
2008 12 01   2.4075
2008 12 02   2.49833333333
2008 12 03   8.83333333333
2008 12 04   4.84708333333
2008 12 05   6.50208333333
2008 12 06   6.72625
2008 12 07   6.05958333333
2008 12 08   6.54458333333
2008 12 09   3.09916666667
2008 12 10   5.80625
2008 12 11   3.01625
2008 12 12   1.93625
2008 12 13   4.28
2008 12 14   5.44083333333
2008 12 15   14.515
2008 12 16   1.95
2008 12 17   1.12625
2008 12 18   13.7866666667
2008 12 19   2.73416666667
2008 12 20   3.92875
2008 12 21   15.6883333333
2008 12 22   7.44791666667
2008 12 23   15.9320833333
2008 12 24   5.2075
2008 12 25   10.2816666667
2008 12 26   5.56291666667
2008 12 27   14.2954166667
2008 12 28   12.77625
2008 12 29   15.2204166667
2008 12 30   18.7833333333
2008 12 31   12.8095833333
2009 01 01   16.8708333333
2009 01 02   15.18125
2009 01 03   7.06041666667
2009 01 04   18.92625
2009 01 05   15.2179166667
2009 01 06   11.68875
2009 01 07   20.64375
2009 01 08   9.705
2009 01 09   20.6054166667
2009 01 10   7.56541666667
2009 01 11   6.39125
2009 01 12   4.92333333333
2009 01 13   10.0591666667
2009 01 14   23.16375
2009 01 15   23.9829166667
2009 01 16   26.3629166667
2009 01 17   25.1341666667
2009 01 18   2.00083333333
2009 01 19   3.1775
2009 01 20   3.95291666667
2009 01 21   16.65625
2009 01 22   7.84333333333
2009 01 23   15.9704166667
2009 01 24   1.25875
2009 01 25   2.63833333333
2009 01 26   3.45416666667
2009 01 27   11.7983333333
2009 01 28   4.2325
2009 01 29   6.73458333333
2009 01 30   8.04083333333
2009 01 31   17.0579166667
2009 02 01   18.32625
2009 02 02   36.0633333333
2009 02 03   42.8225
2009 02 04   12.43625
2009 02 05   7.84833333333
2009 02 06   8.58833333333
2009 02 07   7.24166666667
2009 02 08   9.65333333333
2009 02 09   61.44125
2009 02 10   32.4179166667
2009 02 11   46.6591666667
2009 02 12   44.6670833333
2009 02 13   32.3716666667
2009 02 14   31.24625
2009 02 15   26.0158333333
2009 02 16   21.8745833333
2009 02 17   49.8866666667
2009 02 18   72.86125
2009 02 19   29.9975
2009 02 20   77.03375
2009 02 21   63.8666666667
2009 02 22   16.86375
2009 02 23   15.16
2009 02 24   66.3475
2009 02 25   50.34875
2009 02 26   55.5658333333
2009 02 27   68.5654166667
2009 02 28   66.1391666667
2009 03 01   98.775
2009 03 02   37.60875
2009 03 03   42.2079166667
2009 03 04   47.0466666667
2009 03 05   60.05375
2009 03 06   24.0120833333
2009 03 07   23.5370833333
2009 03 08   39.26875
2009 03 09   18.7845833333
2009 03 10   39.78
2009 03 11   29.8170833333
2009 03 12   42.16125
2009 03 13   74.1054166667
2009 03 14   40.9470833333
2009 03 15   69.1816666667
2009 03 16   77.5308333333
2009 03 17   53.0358333333
2009 03 18   154.4725
2009 03 19   125.71125
2009 03 20   94.4220833333
2009 03 21   92.9445833333
2009 03 22   100.45
2009 03 23   67.8220833333
2009 03 24   140.34375
2009 03 25   156.03375
2009 03 26   171.38375
2009 03 27   85.31875
2009 03 28   40.05125
2009 03 29   60.9020833333
2009 03 30   144.35625
2009 03 31   162.757916667
2009 04 01   184.51625
2009 04 02   156.082083333
2009 04 03   182.320833333
2009 04 04   200.644583333
2009 04 05   72.455
2009 04 06   209.655416667
2009 04 07   212.930833333
2009 04 08   130.846666667
2009 04 09   56.9908333333
2009 04 10   204.618333333
2009 04 11   217.908333333
2009 04 12   221.084583333
2009 04 13   162.575833333
2009 04 14   133.573333333
2009 04 15   209.444583333
2009 04 16   136.657916667
2009 04 17   224.390416667
2009 04 18   195.71375
2009 04 19   238.5225
2009 04 20   240.349583333
2009 04 21   144.297083333
2009 04 22   82.8879166667
2009 04 23   227.24
2009 04 24   255.079166667
2009 04 25   264.420416667
2009 04 26   230.503333333
2009 04 27   229.07625
2009 04 28   174.829583333
2009 04 29   221.354583333
2009 04 30   285.928333333
2009 05 01   286.902916667
2009 05 02   285.764166667
2009 05 03   193.419583333
2009 05 04   137.1
2009 05 05   101.20125
2009 05 06   163.270833333
2009 05 07   229.012916667
2009 05 08   267.386666667
2009 05 09   208.48375
2009 05 10   209.174583333
2009 05 11   158.904166667
2009 05 12   220.9725
2009 05 13   237.233333333
2009 05 14   255.417916667
2009 05 15   322.482083333
2009 05 16   318.138333333
2009 05 17   307.293333333
2009 05 18   95.6745833333
2009 05 19   141.895
2009 05 20   192.489166667
2009 05 21   237.550833333
2009 05 22   89.2729166667
2009 05 23   146.169583333
2009 05 24   313.88875
2009 05 25   315.850833333
2009 05 26   289.67875
2009 05 27   274.886666667
2009 05 28   136.246666667
2009 05 29   320.325833333
2009 05 30   337.280833333
2009 05 31   339.804583333
2009 06 01   340.340833333
2009 06 02   73.4958333333
2009 06 03   228.97375
2009 06 04   102.190833333
2009 06 05   144.934583333
2009 06 06   197.102083333
2009 06 07   316.25625
2009 06 08   284.30625
2009 06 09   200.11
2009 06 10   46.3758333333
2009 06 11   194.775416667
2009 06 12   105.04625
2009 06 13   78.2945833333
2009 06 14   40.2025
2009 06 15   107.378333333
2009 06 16   310.257083333
2009 06 17   303.43625
2009 06 18   125.090416667
2009 06 19   243.785833333
2009 06 20   220.214583333
2009 06 21   222.502916667
2009 06 22   314.081666667
2009 06 23   349.054583333
2009 06 24   349.545833333
2009 06 25   352.115
2009 06 26   350.759166667
2009 06 27   347.858333333
2009 06 28   345.870416667
2009 06 29   346.430833333
2009 06 30   326.531666667
2009 07 01   215.75125
2009 07 02   302.94375
2009 07 03   230.540833333
2009 07 04   227.481666667
2009 07 05   231.8575
2009 07 06   121.739166667
2009 07 07   118.915833333
2009 07 08   252.967916667
2009 07 09   53.0225
2009 07 10   212.567083333
2009 07 11   234.566666667
2009 07 12   232.11125
2009 07 13   197.67125
2009 07 14   166.5625
2009 07 15   296.104166667
2009 07 16   272.19625
2009 07 17   308.582083333
2009 07 18   290.68625
2009 07 19   107.44375
2009 07 20   223.255833333
2009 07 21   208.304166667
2009 07 22   226.37625
2009 07 23   123.44625
2009 07 24   128.966666667
2009 07 25   253.134166667
2009 07 26   224.89875
2009 07 27   208.9125
2009 07 28   126.523333333
2009 07 29   256.770833333
2009 07 30   177.198333333
2009 07 31   220.0725
2009 08 01   137.990416667
2009 08 02   253.14625
2009 08 03   281.364583333
2009 08 04   246.786666667
2009 08 05   227.580416667
2009 08 06   226.652916667
2009 08 07   257.60375
2009 08 08   237.114166667
2009 08 09   264.99
2009 08 10   204.997916667
2009 08 11   139.66875
2009 08 12   136.81375
2009 08 13   170.298333333
2009 08 14   217.697083333
2009 08 15   236.457916667
2009 08 16   201.795
2009 08 17   143.593333333
2009 08 18   145.26
2009 08 19   254.749583333
2009 08 20   244.53
2009 08 21   158.580833333
2009 08 22   109.699583333
2009 08 23   226.995833333
2009 08 24   219.44
2009 08 25   211.400833333
2009 08 26   81.6845833333
2009 08 27   180.267083333
2009 08 28   95.5616666667
2009 08 29   174.5575
2009 08 30   168.578333333
2009 08 31   135.57125
2009 09 01   153.25375
2009 09 02   113.257083333
2009 09 03   121.151666667
2009 09 04   145.256666667
2009 09 05   178.002916667
2009 09 06   128.55625
2009 09 07   141.462916667
2009 09 08   126.37
2009 09 09   149.8525
2009 09 10   175.570833333
2009 09 11   160.90375
2009 09 12   135.31625
2009 09 13   86.2454166667
2009 09 14   165.605416667
2009 09 15   168.080416667
2009 09 16   103.59125
2009 09 17   142.81125
2009 09 18   150.06875
2009 09 19   159.712916667
2009 09 20   155.897916667
2009 09 21   92.0504166667
2009 09 22   33.9554166667
2009 09 23   135.0275
2009 09 24   78.41625
2009 09 25   116.824166667
2009 09 26   128.05375
2009 09 27   105.576666667
2009 09 28   135.657083333
2009 09 29   115.062916667
2009 09 30   122.864166667
2009 10 01   86.3058333333
2009 10 02   129.2425
2009 10 03   58.08875
2009 10 04   50.1475
2009 10 05   110.6975
2009 10 06   99.48375
2009 10 07   94.6904166667
2009 10 08   112.737083333
2009 10 09   106.86
2009 10 10   101.507083333
2009 10 11   34.0833333333
2009 10 12   57.8908333333
2009 10 13   71.8354166667
2009 10 14   73.34125
2009 10 15   98.4604166667
2009 10 16   18.50375
2009 10 17   30.73125
2009 10 18   68.2041666667
2009 10 19   28.1391666667
2009 10 20   22.2533333333
2009 10 21   22.0645833333
2009 10 22   9.15583333333
2009 10 23   7.64791666667
2009 10 24   17.0579166667
2009 10 25   11.885
2009 10 26   27.7016666667
2009 10 27   13.8741666667
2009 10 28   26.0179166667
2009 10 29   37.31625
2009 10 30   36.6316666667
2009 10 31   27.7704166667
2009 11 01   13.5729166667
2009 11 02   12.9720833333
2009 11 03   32.4916666667
2009 11 04   3.77208333333
2009 11 05   9.78833333333
2009 11 06   5.68041666667
2009 11 07   4.97583333333
2009 11 08   12.6004166667
2009 11 09   12.2983333333
2009 11 10   10.1733333333
2009 11 11   16.0504166667
2009 11 12   16.0179166667
2009 11 13   14.81375
2009 11 14   5.32
2009 11 15   3.33166666667
2009 11 16   4.8575
2009 11 17   3.20791666667
2009 11 18   10.26875
2009 11 19   12.3566666667
2009 11 20   6.47208333333
2009 11 21   26.6675
2009 11 22   8.42125
2009 11 23   17.14
2009 11 24   14.0458333333
2009 11 25   6.0375
2009 11 26   18.6333333333
2009 11 27   12.1654166667
2009 11 28   5.91625
2009 11 29   17.1154166667
2009 11 30   5.28916666667
2009 12 01   6.36958333333
2009 12 02   21.07125
2009 12 03   19.6220833333
2009 12 04   7.075
2009 12 05   3.23125
2009 12 06   4.22583333333
2009 12 07   1.78375
2009 12 08   2.53166666667
2009 12 09   4.45291666667
2009 12 10   4.85166666667
2009 12 11   9.7225
2009 12 12   16.4295833333
2009 12 13   5.45041666667
2009 12 14   5.64208333333
2009 12 15   4.8925
2009 12 16   6.61541666667
2009 12 17   4.165
2009 12 18   15.3375
2009 12 19   9.30875
2009 12 20   5.88791666667
2009 12 21   7.85041666667
2009 12 22   11.6616666667
2009 12 23   4.68791666667
2009 12 24   7.43208333333
2009 12 25   4.21375
2009 12 26   3.4875
2009 12 27   7.53375
2009 12 28   6.62166666667
2009 12 29   6.11416666667
2009 12 30   6.27291666667
2009 12 31   11.23
2010 01 01   11.8941666667
2010 01 02   12.1304166667
2010 01 03   11.3241666667
2010 01 04   9.63833333333
2010 01 05   15.1316666667
2010 01 06   10.5016666667
2010 01 07   9.93916666667
2010 01 08   16.5754166667
2010 01 09   21.3279166667
2010 01 10   5.36416666667
2010 01 11   21.7025
2010 01 12   13.8479166667
2010 01 13   18.2341666667
2010 01 14   6.56458333333
2010 01 15   5.62791666667
2010 01 16   6.78708333333
2010 01 17   2.87625
2010 01 18   4.33625
2010 01 19   6.91875
2010 01 20   12.2475
2010 01 21   11.4554166667
2010 01 22   15.8541666667
2010 01 23   14.58625
2010 01 24   29.085
2010 01 25   16.4904166667
2010 01 26   19.69875
2010 01 27   8.86708333333
2010 01 28   16.2620833333
2010 01 29   31.1241666667
2010 01 30   32.9716666667
2010 01 31   33.80625
2010 02 01   17.9454166667
2010 02 02   38.0579166667
2010 02 03   8.32125
2010 02 04   24.5370833333
2010 02 05   38.615
2010 02 06   14.3804166667
2010 02 07   37.9691666667
2010 02 08   39.22375
2010 02 09   21.6529166667
2010 02 10   33.0320833333
2010 02 11   46.5325
2010 02 12   12.9625
2010 02 13   20.8929166667
2010 02 14   25.6358333333
2010 02 15   34.40125
2010 02 16   44.4479166667
2010 02 17   18.62125
2010 02 18   28.0316666667
2010 02 19   40.8454166667
2010 02 20   20.56375
2010 02 21   53.2933333333
2010 02 22   75.2579166667
2010 02 23   44.0366666667
2010 02 24   91.6245833333
2010 02 25   63.4966666667
2010 02 26   22.9625
2010 02 27   14.3745833333
2010 02 28   25.0420833333
2010 03 01   15.4658333333
2010 03 02   65.1670833333
2010 03 03   89.15
2010 03 04   66.2820833333
2010 03 05   112.739583333
2010 03 06   125.33125
2010 03 07   102.908333333
2010 03 08   113.96
2010 03 09   126.947083333
2010 03 10   133.392916667
2010 03 11   104.116666667
2010 03 12   113.192916667
2010 03 13   129.896666667
2010 03 14   148.146666667
2010 03 15   129.9725
2010 03 16   151.280833333
2010 03 17   102.950416667
2010 03 18   44.0745833333
2010 03 19   43.0541666667
2010 03 20   135.4225
2010 03 21   32.0716666667
2010 03 22   163.6325
2010 03 23   36.23625
2010 03 24   153.209583333
2010 03 25   42.90125
2010 03 26   110.55875
2010 03 27   61.1229166667
2010 03 28   33.5066666667
2010 03 29   96.37375
2010 03 30   145.3575
2010 03 31   53.5208333333
2010 04 01   76.30375
2010 04 02   174.8875
2010 04 03   180.8775
2010 04 04   174.914583333
2010 04 05   43.7325
2010 04 06   168.015416667
2010 04 07   98.9733333333
2010 04 08   155.097916667
2010 04 09   25.3270833333
2010 04 10   26.3954166667
2010 04 11   184.584583333
2010 04 12   183.04625
2010 04 13   209.445416667
2010 04 14   233.31625
2010 04 15   159.541666667
2010 04 16   124.375833333
2010 04 17   123.706666667
2010 04 18   219.428333333
2010 04 19   188.7325
2010 04 20   212.01125
2010 04 21   60.4279166667
2010 04 22   31.8479166667
2010 04 23   237.125833333
2010 04 24   257.575416667
2010 04 25   229.56375
2010 04 26   229.804583333
2010 04 27   191.639166667
2010 04 28   221.622916667
2010 04 29   164.6175
2010 04 30   168.503333333
2010 05 01   87.6529166667
2010 05 02   294.594166667
2010 05 03   231.959166667
2010 05 04   188.100416667
2010 05 05   188.783333333
2010 05 06   296.813333333
2010 05 07   127.207083333
2010 05 08   51.8108333333
2010 05 09   114.198333333
2010 05 10   60.0220833333
2010 05 11   306.759166667
2010 05 12   297.69625
2010 05 13   154.9975
2010 05 14   116.315416667
2010 05 15   296.330416667
2010 05 16   179.785
2010 05 17   303.374166667
2010 05 18   242.515416667
2010 05 19   224.496666667
2010 05 20   257.835416667
2010 05 21   240.845416667
2010 05 22   294.529166667
2010 05 23   85.2966666667
2010 05 24   337.081666667
2010 05 25   76.8341666667
2010 05 26   286.105416667
2010 05 27   248.890833333
2010 05 28   186.708333333
2010 05 29   193.24125
2010 05 30   332.077916667
2010 05 31   312.109166667
2010 06 01   291.974166667
2010 06 02   338.28
2010 06 03   313.059583333
2010 06 04   279.783333333
2010 06 05   309.555416667
2010 06 06   313.642916667
2010 06 07   235.177916667
2010 06 08   286.67875
2010 06 09   253.335833333
2010 06 10   244.333333333
2010 06 11   41.9720833333
2010 06 12   125.3175
2010 06 13   155.061666667
2010 06 14   203.980416667
2010 06 15   214.28375
2010 06 16   339.058333333
2010 06 17   295.19125
2010 06 18   113.202083333
2010 06 19   259.900416667
2010 06 20   297.6925
2010 06 21   182.71625
2010 06 22   326.956666667
2010 06 23   348.163333333
2010 06 24   318.884166667
2010 06 25   294.1675
2010 06 26   236.297916667
2010 06 27   322.290833333
2010 06 28   328.735416667
2010 06 29   322.2425
2010 06 30   262.95125
2010 07 01   176.942083333
2010 07 02   343.697083333
2010 07 03   327.949166667
2010 07 04   324.069166667
2010 07 05   266.550833333
2010 07 06   163.384166667
2010 07 07   318.8025
2010 07 08   293.83125
2010 07 09   256.65875
2010 07 10   287.667916667
2010 07 11   301.250833333
2010 07 12   208.004166667
2010 07 13   314.417916667
2010 07 14   282.354583333
2010 07 15   322.844583333
2010 07 16   269.973333333
2010 07 17   169.8675
2010 07 18   281.571666667
2010 07 19   319.837083333
2010 07 20   233.417916667
2010 07 21   277.0975
2010 07 22   219.553333333
2010 07 23   186.36375
2010 07 24   120.044166667
2010 07 25   54.9029166667
2010 07 26   105.579583333
2010 07 27   240.3675
2010 07 28   146.942083333
2010 07 29   24.57
2010 07 30   207.98625
2010 07 31   153.716666667
2010 08 01   229.083333333
2010 08 02   56.4679166667
2010 08 03   181.681666667
2010 08 04   101.8
2010 08 05   263.99125
2010 08 06   257.123333333
2010 08 07   61.6620833333
2010 08 08   53.2620833333
2010 08 09   129.625
2010 08 10   114.389166667
2010 08 11   199.540416667
2010 08 12   191.817916667
2010 08 13   225.6825
2010 08 14   180.142916667
2010 08 15   93.1179166667
2010 08 16   196.918333333
2010 08 17   44.0604166667
2010 08 18   112.192916667
2010 08 19   129.4875
2010 08 20   144.820416667
2010 08 21   103.949583333
2010 08 22   173.085833333
2010 08 23   221.575833333
2010 08 24   132.8225
2010 08 25   74.4658333333
2010 08 26   94.7258333333
2010 08 27   183.732083333
2010 08 28   179.925833333
2010 08 29   126.637916667
2010 08 30   116.02875
2010 08 31   172.745416667
2010 09 01   156.6725
2010 09 02   170.385833333
2010 09 03   125.44125
2010 09 04   164.019166667
2010 09 05   146.415
2010 09 06   149.71625
2010 09 07   165.1575
2010 09 08   171.38375
2010 09 09   168.975
2010 09 10   129.912083333
2010 09 11   62.3629166667
2010 09 12   67.13375
2010 09 13   28.1816666667
2010 09 14   103.3875
2010 09 15   76.73375
2010 09 16   88.98625
2010 09 17   112.669166667
2010 09 18   50.18875
2010 09 19   95.1483333333
2010 09 20   78.61375
2010 09 21   47.5320833333
2010 09 22   146.15875
2010 09 23   103.322083333
2010 09 24   112.072083333
2010 09 25   69.1741666667
2010 09 26   48.055
2010 09 27   91.1433333333
2010 09 28   141.19
2010 09 29   120.013333333
2010 09 30   121.4725
2010 10 01   93.9116666667
2010 10 02   97.96625
2010 10 03   76.23625
2010 10 04   91.4458333333
2010 10 05   71.1225
2010 10 06   38.8875
2010 10 07   13.5425
2010 10 08   39.9729166667
2010 10 09   81.34
2010 10 10   56.80625
2010 10 11   105.336666667
2010 10 12   89.40625
2010 10 13   81.3791666667
2010 10 14   87.3091666667
2010 10 15   82.1425
2010 10 16   86.5729166667
2010 10 17   87.1670833333
2010 10 18   40.6329166667
2010 10 19   16.4929166667
2010 10 20   17.3058333333
2010 10 21   68.7258333333
2010 10 22   52.2870833333
2010 10 23   41.0404166667
2010 10 24   7.24166666667
2010 10 25   56.6883333333
2010 10 26   61.72625
2010 10 27   47.3845833333
2010 10 28   41.7929166667
2010 10 29   56.6208333333
2010 10 30   36.085
2010 10 31   18.8704166667
2010 11 01   30.9495833333
2010 11 02   17.3591666667
2010 11 03   10.19625
2010 11 04   50.2341666667
2010 11 05   35.9991666667
2010 11 06   48.4604166667
2010 11 07   47.1229166667
2010 11 08   46.5858333333
2010 11 09   4.37041666667
2010 11 10   13.1566666667
2010 11 11   19.7979166667
2010 11 12   7.65208333333
2010 11 13   15.1241666667
2010 11 14   11.9179166667
2010 11 15   2.91333333333
2010 11 16   23.8970833333
2010 11 17   12.19625
2010 11 18   10.9029166667
2010 11 19   19.54375
2010 11 20   5.34333333333
2010 11 21   1.99375
2010 11 22   3.60833333333
2010 11 23   5.51208333333
2010 11 24   7.13958333333
2010 11 25   7.62916666667
2010 11 26   19.3579166667
2010 11 27   12.95375
2010 11 28   6.25583333333
2010 11 29   18.6558333333
2010 11 30   19.8875
2010 12 01   20.4333333333
2010 12 02   9.34041666667
2010 12 03   7.85083333333
2010 12 04   11.6704166667
2010 12 05   3.52083333333
2010 12 06   5.86958333333
2010 12 07   9.46166666667
2010 12 08   11.8791666667
2010 12 09   7.99125
2010 12 10   14.4433333333
2010 12 11   8.10458333333
2010 12 12   15.9670833333
2010 12 13   9.38125
2010 12 14   15.3729166667
2010 12 15   14.65375
2010 12 16   3.71958333333
2010 12 17   0.911666666667
2010 12 18   4.11833333333
2010 12 19   6.16333333333
2010 12 20   10.41125
2010 12 21   10.3745833333
2010 12 22   9.34416666667
2010 12 23   9.32708333333
2010 12 24   8.54833333333
2010 12 25   8.96375
2010 12 26   10.22
2010 12 27   6.25083333333
2010 12 28   2.42666666667
2010 12 29   4.51541666667
2010 12 30   4.96958333333
2010 12 31   16.2366666667
2011 01 01   5.30291666667
2011 01 02   6.5275
2011 01 03   11.47875
2011 01 04   13.77375
2011 01 05   7.71666666667
2011 01 06   1.215
2011 01 07   7.07208333333
2011 01 08   8.01291666667
2011 01 09   14.4070833333
2011 01 10   17.4520833333
2011 01 11   19.11625
2011 01 12   4.50833333333
2011 01 13   6.5375
2011 01 14   8.19541666667
2011 01 15   10.0220833333
2011 01 16   5.73625
2011 01 17   5.605
2011 01 18   4.39916666667
2011 01 19   26.68125
2011 01 20   7.68333333333
2011 01 21   6.12041666667
2011 01 22   16.57125
2011 01 23   24.8583333333
2011 01 24   16.4220833333
2011 01 25   8.28875
2011 01 26   37.74375
2011 01 27   32.23
2011 01 28   33.4908333333
2011 01 29   24.0520833333
2011 01 30   33.4645833333
2011 01 31   37.0866666667
2011 02 01   7.22791666667
2011 02 02   42.5404166667
2011 02 03   17.7358333333
2011 02 04   22.9995833333
2011 02 05   20.8195833333
2011 02 06   51.1825
2011 02 07   26.4829166667
2011 02 08   43.5204166667
2011 02 09   47.1558333333
2011 02 10   14.6870833333
2011 02 11   25.40125
2011 02 12   63.6945833333
2011 02 13   53.66
2011 02 14   65.45375
2011 02 15   51.1529166667
2011 02 16   46.51125
2011 02 17   59.2879166667
2011 02 18   52.81875
2011 02 19   79.6541666667
2011 02 20   70.7345833333
2011 02 21   52.9383333333
2011 02 22   62.6170833333
2011 02 23   63.15875
2011 02 24   72.4020833333
2011 02 25   33.2
2011 02 26   63.4125
2011 02 27   21.12875
2011 02 28   34.2091666667
2011 03 01   20.4683333333
2011 03 02   109.054583333
2011 03 03   95.07375
2011 03 04   56.7454166667
2011 03 05   104.140416667
2011 03 06   105.332083333
2011 03 07   63.91875
2011 03 08   115.671666667
2011 03 09   105.66125
2011 03 10   77.9458333333
2011 03 11   118.752083333
2011 03 12   137.3825
2011 03 13   41.4775
2011 03 14   69.11125
2011 03 15   149.075833333
2011 03 16   137.15875
2011 03 17   63.85375
2011 03 18   32.2895833333
2011 03 19   157.40625
2011 03 20   161.64125
2011 03 21   47.5516666667
2011 03 22   140.082916667
2011 03 23   147.226666667
2011 03 24   138.768333333
2011 03 25   155.651666667
2011 03 26   181.763333333
2011 03 27   141.140416667
2011 03 28   188.492916667
2011 03 29   57.2654166667
2011 03 30   156.812916667
2011 03 31   181.903333333
2011 04 01   25.29375
2011 04 02   70.3708333333
2011 04 03   38.15625
2011 04 04   111.72375
2011 04 05   125.934583333
2011 04 06   87.9808333333
2011 04 07   100.88625
2011 04 08   119.170833333
2011 04 09   135.82
2011 04 10   199.538333333
2011 04 11   120.78375
2011 04 12   88.3933333333
2011 04 13   45.56375
2011 04 14   182.524166667
2011 04 15   228.734583333
2011 04 16   200.78125
2011 04 17   227.79
2011 04 18   240.09375
2011 04 19   245.388333333
2011 04 20   192.965833333
2011 04 21   226.944166667
2011 04 22   216.80375
2011 04 23   255.864166667
2011 04 24   259.8475
2011 04 25   262.120833333
2011 04 26   222.954583333
2011 04 27   230.7625
2011 04 28   273.409583333
2011 04 29   274.13375
2011 04 30   217.70875
2011 05 01   202.6775
2011 05 02   201.09
2011 05 03   84.3025
2011 05 04   97.2541666667
2011 05 05   144.525
2011 05 06   290.725416667
2011 05 07   287.696666667
2011 05 08   296.78125
2011 05 09   299.77125
2011 05 10   293.702916667
2011 05 11   287.302916667
2011 05 12   177.9175
2011 05 13   130.336666667
2011 05 14   225.273333333
2011 05 15   95.8729166667
2011 05 16   185.797083333
2011 05 17   190.545
2011 05 18   292.500833333
2011 05 19   210.318333333
2011 05 20   316.50125
2011 05 21   286.589166667
2011 05 22   306.066666667
2011 05 23   255.61625
2011 05 24   167.604166667
2011 05 25   265.7925
2011 05 26   315.57125
2011 05 27   125.79125
2011 05 28   129.292916667
2011 05 29   196.529166667
2011 05 30   304.132083333
2011 05 31   282.765833333
2011 06 01   244.744166667
2011 06 02   301.3825
2011 06 03   328.037083333
2011 06 04   338.57375
2011 06 05   259.3025
2011 06 06   327.067916667
2011 06 07   313.153333333
2011 06 08   194.387083333
2011 06 09   301.48875
2011 06 10   333.264583333
2011 06 11   323.219583333
2011 06 12   282.448333333
2011 06 13   337.11125
2011 06 14   252.949583333
2011 06 15   200.235
2011 06 16   209.036666667
2011 06 17   84.5208333333
2011 06 18   290.559166667
2011 06 19   44.1166666667
2011 06 20   151.51125
2011 06 21   227.42375
2011 06 22   269.499166667
2011 06 23   104.77625
2011 06 24   266.755833333
2011 06 25   198.9525
2011 06 26   227.844166667
2011 06 27   323.770416667
2011 06 28   333.374583333
2011 06 29   346.7775
2011 06 30   325.373333333
2011 07 01   188.349166667
2011 07 02   287.715
2011 07 03   89.43875
2011 07 04   66.9445833333
2011 07 05   122.257916667
2011 07 06   318.779583333
2011 07 07   320.749583333
2011 07 08   315.9725
2011 07 09   271.482916667
2011 07 10   191.02125
2011 07 11   176.86625
2011 07 12   292.379166667
2011 07 13   221.837083333
2011 07 14   261.048333333
2011 07 15   201.980416667
2011 07 16   113.108333333
2011 07 17   241.208333333
2011 07 18   140.0
2011 07 19   264.64875
2011 07 20   279.642083333
2011 07 21   45.8983333333
2011 07 22   235.44625
2011 07 23   171.8675
2011 07 24   228.944583333
2011 07 25   83.25625
2011 07 26   126.75875
2011 07 27   255.208333333
2011 07 28   210.515
2011 07 29   181.328333333
2011 07 30   217.265833333
2011 07 31   240.614583333
2011 08 01   185.10875
2011 08 02   262.924583333
2011 08 03   280.577916667
2011 08 04   288.0325
2011 08 05   275.005833333
2011 08 06   146.26125
2011 08 07   53.0620833333
2011 08 08   235.896666667
2011 08 09   137.575833333
2011 08 10   113.86625
2011 08 11   133.068333333
2011 08 12   209.122916667
2011 08 13   260.081666667
2011 08 14   129.51125
2011 08 15   82.7854166667
2011 08 16   141.540833333
2011 08 17   203.918333333
2011 08 18   185.295416667
2011 08 19   158.209583333
2011 08 20   28.3045833333
2011 08 21   205.0525
2011 08 22   68.6241666667
2011 08 23   166.515
2011 08 24   188.107083333
2011 08 25   67.24375
2011 08 26   98.3058333333
2011 08 27   206.022916667
2011 08 28   127.344583333
2011 08 29   165.463333333
2011 08 30   90.1129166667
2011 08 31   150.395416667
2011 09 01   136.049583333
2011 09 02   142.315
2011 09 03   183.3875
2011 09 04   148.456666667
2011 09 05   132.055
2011 09 06   135.291666667
2011 09 07   69.3991666667
2011 09 08   114.3175
2011 09 09   166.9525
2011 09 10   187.135416667
2011 09 11   100.2325
2011 09 12   73.0970833333
2011 09 13   52.55625
2011 09 14   107.645
2011 09 15   119.782916667
2011 09 16   138.295833333
2011 09 17   167.756666667
2011 09 18   79.2345833333
2011 09 19   39.035
2011 09 20   73.8491666667
2011 09 21   25.7770833333
2011 09 22   107.047916667
2011 09 23   154.415
2011 09 24   147.933333333
2011 09 25   92.23
2011 09 26   92.4929166667
2011 09 27   123.315833333
2011 09 28   62.8479166667
2011 09 29   112.718333333
2011 09 30   105.550416667
2011 10 01   127.135416667
2011 10 02   82.25
2011 10 03   33.4345833333
2011 10 04   103.645833333
2011 10 05   105.855
2011 10 06   31.4670833333
2011 10 07   64.11125
2011 10 08   68.9383333333
2011 10 09   90.07625
2011 10 10   29.255
2011 10 11   97.6458333333
2011 10 12   88.8754166667
2011 10 13   84.2670833333
2011 10 14   92.0116666667
2011 10 15   57.9558333333
2011 10 16   85.90375
2011 10 17   30.88375
2011 10 18   20.3445833333
2011 10 19   48.6129166667
2011 10 20   71.6445833333
2011 10 21   80.44
2011 10 22   33.5741666667
2011 10 23   71.9120833333
2011 10 24   33.59875
2011 10 25   45.18625
2011 10 26   55.3825
2011 10 27   14.87125
2011 10 28   14.3945833333
2011 10 29   58.6575
2011 10 30   13.8958333333
2011 10 31   54.7979166667
2011 11 01   17.5295833333
2011 11 02   8.265
2011 11 03   7.4475
2011 11 04   7.53416666667
2011 11 05   6.83083333333
2011 11 06   21.9958333333
2011 11 07   5.79375
2011 11 08   32.2854166667
2011 11 09   16.9183333333
2011 11 10   26.6858333333
2011 11 11   13.6045833333
2011 11 12   33.9133333333
2011 11 13   14.0645833333
2011 11 14   22.78
2011 11 15   36.1283333333
2011 11 16   31.91
2011 11 17   28.6425
2011 11 18   13.9045833333
2011 11 19   31.0466666667
2011 11 20   8.4525
2011 11 21   5.36166666667
2011 11 22   3.61625
2011 11 23   3.79166666667
2011 11 24   11.8391666667
2011 11 25   7.9175
2011 11 26   25.2233333333
2011 11 27   3.57541666667
2011 11 28   23.73375
2011 11 29   5.64625
2011 11 30   18.565
2011 12 01   6.02875
2011 12 02   6.58041666667
2011 12 03   8.3875
2011 12 04   15.2033333333
2011 12 05   19.5908333333
2011 12 06   13.3454166667
2011 12 07   12.1729166667
2011 12 08   17.3716666667
2011 12 09   8.0
2011 12 10   7.51083333333
2011 12 11   7.65
2011 12 12   5.53333333333
2011 12 13   8.62541666667
2011 12 14   12.56125
2011 12 15   13.1475
2011 12 16   5.76833333333
2011 12 17   1.28958333333
2011 12 18   2.36208333333
2011 12 19   4.06291666667
2011 12 20   8.06625
2011 12 21   4.22708333333
2011 12 22   8.03833333333
2011 12 23   2.87
2011 12 24   8.53125
2011 12 25   8.29958333333
2011 12 26   8.74125
2011 12 27   15.1204166667
2011 12 28   10.5779166667
2011 12 29   7.48
2011 12 30   11.2975
2011 12 31   17.1458333333
2012 01 01   6.78291666667
2012 01 02   2.56208333333
2012 01 03   13.0108333333
2012 01 04   3.21666666667
2012 01 05   8.18916666667
2012 01 06   16.50375
2012 01 07   16.6658333333
2012 01 08   11.96125
2012 01 09   8.61166666667
2012 01 10   15.3870833333
2012 01 11   14.0745833333
2012 01 12   2.82208333333
2012 01 13   11.3516666667
2012 01 14   8.71833333333
2012 01 15   17.1829166667
2012 01 16   6.43125
2012 01 17   5.61166666667
2012 01 18   7.71666666667
2012 01 19   14.4354166667
2012 01 20   7.15041666667
2012 01 21   11.5366666667
2012 01 22   14.9191666667
2012 01 23   9.265
2012 01 24   20.5070833333
2012 01 25   12.6091666667
2012 01 26   7.06458333333
2012 01 27   16.05
2012 01 28   7.92708333333
2012 01 29   34.7283333333
2012 01 30   38.6316666667
2012 01 31   42.125
2012 02 01   19.0583333333
2012 02 02   33.8645833333
2012 02 03   27.0145833333
2012 02 04   45.6233333333
2012 02 05   29.9325
2012 02 06   52.16125
2012 02 07   17.74625
2012 02 08   18.0579166667
2012 02 09   27.26625
2012 02 10   56.40125
2012 02 11   20.3416666667
2012 02 12   62.595
2012 02 13   55.8558333333
2012 02 14   37.8195833333
2012 02 15   21.7066666667
2012 02 16   54.07125
2012 02 17   54.44375
2012 02 18   30.58
2012 02 19   36.64125
2012 02 20   75.2595833333
2012 02 21   57.4166666667
2012 02 22   11.8479166667
2012 02 23   70.0879166667
2012 02 24   64.21125
2012 02 25   41.0270833333
2012 02 26   88.6945833333
2012 02 27   86.4354166667
2012 02 28   49.00875
2012 02 29   84.01375
2012 03 01   33.6475
2012 03 02   106.6325
2012 03 03   112.114166667
2012 03 04   99.2458333333
2012 03 05   112.308333333
2012 03 06   119.585
2012 03 07   106.739166667
2012 03 08   75.57125
2012 03 09   50.9220833333
2012 03 10   55.745
2012 03 11   113.52375
2012 03 12   131.4475
2012 03 13   114.233333333
2012 03 14   141.462083333
2012 03 15   107.927916667
2012 03 16   60.8858333333
2012 03 17   32.9775
2012 03 18   66.2858333333
2012 03 19   62.6204166667
2012 03 20   54.34875
2012 03 21   141.1175
2012 03 22   121.467916667
2012 03 23   162.675
2012 03 24   118.127083333
2012 03 25   138.047916667
2012 03 26   128.96125
2012 03 27   124.134583333
2012 03 28   52.1679166667
2012 03 29   103.572916667
2012 03 30   81.1558333333
2012 03 31   69.5325
2012 04 01   102.7225
2012 04 02   113.008333333
2012 04 03   169.843333333
2012 04 04   210.9075
2012 04 05   194.769166667
2012 04 06   66.9470833333
2012 04 07   206.172916667
2012 04 08   215.384583333
2012 04 09   156.162083333
2012 04 10   83.6541666667
2012 04 11   68.3758333333
2012 04 12   69.1220833333
2012 04 13   51.6116666667
2012 04 14   105.46625
2012 04 15   188.964166667
2012 04 16   213.84375
2012 04 17   150.29
2012 04 18   184.692083333
2012 04 19   166.902916667
2012 04 20   25.87375
2012 04 21   131.240416667
2012 04 22   29.49
2012 04 23   100.359583333
2012 04 24   202.37
2012 04 25   187.32
2012 04 26   101.767083333
2012 04 27   242.815833333
2012 04 28   226.017916667
2012 04 29   222.737083333
2012 04 30   256.539583333
2012 05 01   285.01125
2012 05 02   275.425833333
2012 05 03   257.054166667
2012 05 04   166.70125
2012 05 05   185.761666667
2012 05 06   262.677083333
2012 05 07   249.6125
2012 05 08   272.385
2012 05 09   92.53375
2012 05 10   194.175833333
2012 05 11   172.389166667
2012 05 12   103.626666667
2012 05 13   313.495
2012 05 14   218.221666667
2012 05 15   289.891666667
2012 05 16   99.3316666667
2012 05 17   218.827083333
2012 05 18   238.895416667
2012 05 19   291.84
2012 05 20   278.512916667
2012 05 21   293.205416667
2012 05 22   280.85125
2012 05 23   307.369583333
2012 05 24   304.834583333
2012 05 25   318.905833333
2012 05 26   264.108333333
2012 05 27   331.754166667
2012 05 28   160.619166667
2012 05 29   288.745833333
2012 05 30   205.174583333
2012 05 31   182.808333333
2012 06 01   58.8558333333
2012 06 02   53.5908333333
2012 06 03   112.08
2012 06 04   192.473333333
2012 06 05   191.82
2012 06 06   239.19625
2012 06 07   223.5375
2012 06 08   348.573333333
2012 06 09   175.010416667
2012 06 10   218.77375
2012 06 11   270.477083333
2012 06 12   149.7675
2012 06 13   165.060833333
2012 06 14   257.705
2012 06 15   246.77875
2012 06 16   93.755
2012 06 17   134.15
2012 06 18   176.790833333
2012 06 19   283.506666667
2012 06 20   294.45
2012 06 21   290.22375
2012 06 22   344.3475
2012 06 23   74.2291666667
2012 06 24   221.513333333
2012 06 25   72.3558333333
2012 06 26   173.15125
2012 06 27   243.732083333
2012 06 28   267.349166667
2012 06 29   277.235833333
2012 06 30   177.909583333
2012 07 01   237.51
2012 07 02   272.659166667
2012 07 03   320.714583333
2012 07 04   324.160833333
2012 07 05   203.110833333
2012 07 06   177.7175
2012 07 07   248.76125
2012 07 08   50.5775
2012 07 09   260.145833333
2012 07 10   169.288333333
2012 07 11   179.6675
2012 07 12   271.535
2012 07 13   188.129166667
2012 07 14   216.795833333
2012 07 15   112.006666667
2012 07 16   323.19625
2012 07 17   199.43875
2012 07 18   233.149166667
2012 07 19   279.8275
2012 07 20   240.540416667
2012 07 21   237.83
2012 07 22   261.11875
2012 07 23   60.5820833333
2012 07 24   176.40125
2012 07 25   223.51625
2012 07 26   167.028333333
2012 07 27   270.36625
2012 07 28   239.495833333
2012 07 29   191.945
2012 07 30   247.7075
2012 07 31   179.078333333
2012 08 01   203.28375
2012 08 02   253.39625
2012 08 03   156.930416667
2012 08 04   244.85125
2012 08 05   244.1775
2012 08 06   180.263333333
2012 08 07   194.817083333
2012 08 08   122.317083333
2012 08 09   177.22625
2012 08 10   212.263333333
2012 08 11   231.079583333
2012 08 12   124.27625
2012 08 13   238.6075
2012 08 14   224.9825
2012 08 15   225.95375
2012 08 16   146.9925
2012 08 17   159.017916667
2012 08 18   152.245
2012 08 19   154.01
2012 08 20   182.812083333
2012 08 21   63.1995833333
2012 08 22   111.215416667
2012 08 23   138.492916667
2012 08 24   182.154166667
2012 08 25   186.74625
2012 08 26   48.4391666667
2012 08 27   104.1625
2012 08 28   149.450416667
2012 08 29   172.422916667
2012 08 30   155.3975
2012 08 31   15.6154166667
2012 09 01   29.5825
2012 09 02   92.4058333333
2012 09 03   193.760833333
2012 09 04   73.2895833333
2012 09 05   150.90625
2012 09 06   169.82
2012 09 07   146.965416667
2012 09 08   140.9475
2012 09 09   145.779583333
2012 09 10   152.54625
2012 09 11   143.157916667
2012 09 12   151.245833333
2012 09 13   184.583333333
2012 09 14   32.8054166667
2012 09 15   151.975
2012 09 16   144.982916667
2012 09 17   102.720833333
2012 09 18   70.1658333333
2012 09 19   112.93625
2012 09 20   139.852916667
2012 09 21   99.8266666667
2012 09 22   28.1079166667
2012 09 23   80.6720833333
2012 09 24   98.8375
2012 09 25   42.3604166667
2012 09 26   18.39625
2012 09 27   47.7116666667
2012 09 28   36.74625
2012 09 29   58.3216666667
2012 09 30   74.0779166667
2012 10 01   29.4516666667
2012 10 02   47.6920833333
2012 10 03   64.9483333333
2012 10 04   27.8029166667
2012 10 05   102.045833333
2012 10 06   111.954166667
2012 10 07   96.6225
2012 10 08   78.3770833333
2012 10 09   54.7770833333
2012 10 10   62.54125
2012 10 11   49.4695833333
2012 10 12   53.41375
2012 10 13   77.4008333333
2012 10 14   46.3720833333
2012 10 15   36.28
2012 10 16   46.1741666667
2012 10 17   47.6683333333
2012 10 18   24.855
2012 10 19   17.4325
2012 10 20   8.9525
2012 10 21   14.4754166667
2012 10 22   26.0116666667
2012 10 23   52.4475
2012 10 24   39.70125
2012 10 25   55.44125
2012 10 26   45.1658333333
2012 10 27   66.9379166667
2012 10 28   66.0841666667
2012 10 29   21.965
2012 10 30   10.4033333333
2012 10 31   43.405
2012 11 01   16.4666666667
2012 11 02   20.2445833333
2012 11 03   28.5575
2012 11 04   18.5891666667
2012 11 05   10.91875
2012 11 06   23.6808333333
2012 11 07   44.52125
2012 11 08   14.2904166667
2012 11 09   42.4504166667
2012 11 10   10.9475
2012 11 11   4.27041666667
2012 11 12   37.74125
2012 11 13   37.1520833333
2012 11 14   8.80875
2012 11 15   35.2
2012 11 16   13.1225
2012 11 17   14.4491666667
2012 11 18   4.66833333333
2012 11 19   29.2758333333
2012 11 20   19.62625
2012 11 21   14.1925
2012 11 22   2.2125
2012 11 23   21.2266666667
2012 11 24   5.62916666667
2012 11 25   6.10208333333
2012 11 26   7.24791666667
2012 11 27   2.2675
2012 11 28   3.05041666667
2012 11 29   9.19125
2012 11 30   9.64041666667
2012 12 01   10.0970833333
2012 12 02   22.2808333333
2012 12 03   18.96375
2012 12 04   9.80333333333
2012 12 05   3.30291666667
2012 12 06   7.67458333333
2012 12 07   11.12625
2012 12 08   15.85625
2012 12 09   14.1104166667
2012 12 10   6.655
2012 12 11   4.3575
2012 12 12   6.37541666667
2012 12 13   4.96
2012 12 14   14.1266666667
2012 12 15   1.13958333333
2012 12 16   5.31958333333
2012 12 17   5.71958333333
2012 12 18   2.63083333333
2012 12 19   3.245
2012 12 20   2.83416666667
2012 12 21   4.82875
2012 12 22   5.03
2012 12 23   8.28458333333
2012 12 24   1.65666666667
2012 12 25   4.22916666667
2012 12 26   3.535
2012 12 27   8.5475
2012 12 28   14.86875
2012 12 29   2.24
2012 12 30   3.2475
2012 12 31   6.89708333333
2013 01 01   6.62291666667
2013 01 02   5.79375
2013 01 03   4.87291666667
2013 01 04   16.4920833333
2013 01 05   7.815
2013 01 06   10.8341666667
2013 01 07   9.28625
2013 01 08   6.065
2013 01 09   5.925
2013 01 10   4.80083333333
2013 01 11   3.10625
2013 01 12   4.52166666667
2013 01 13   20.90625
2013 01 14   17.5266666667
2013 01 15   4.60083333333
2013 01 16   12.4654166667
2013 01 17   13.15125
2013 01 18   29.3120833333
2013 01 19   27.76875
2013 01 20   29.7583333333
2013 01 21   9.90166666667
2013 01 22   33.3170833333
2013 01 23   14.0854166667
2013 01 24   35.8991666667
2013 01 25   27.84625
2013 01 26   15.2620833333
2013 01 27   5.7175
2013 01 28   11.995
2013 01 29   14.7783333333
2013 01 30   7.40541666667
2013 01 31   15.2766666667
2013 02 01   37.875
2013 02 02   45.6195833333
2013 02 03   46.6608333333
2013 02 04   7.79791666667
2013 02 05   15.2925
2013 02 06   9.61833333333
2013 02 07   28.02375
2013 02 08   16.8970833333
2013 02 09   10.595
2013 02 10   11.8091666667
2013 02 11   30.1220833333
2013 02 12   11.2254166667
2013 02 13   18.9570833333
2013 02 14   10.1408333333
2013 02 15   11.965
2013 02 16   10.9720833333
2013 02 17   19.43875
2013 02 18   22.26
2013 02 19   19.8891666667
2013 02 20   19.47
2013 02 21   46.75375
2013 02 22   59.83375
2013 02 23   67.925
2013 02 24   89.2729166667
2013 02 25   89.0875
2013 02 26   65.2433333333
2013 02 27   93.73375
2013 02 28   81.2616666667
2013 03 01   57.9016666667
2013 03 02   38.7266666667
2013 03 03   109.860833333
2013 03 04   77.6420833333
2013 03 05   65.2545833333
2013 03 06   99.9695833333
2013 03 07   127.102083333
2013 03 08   128.05125
2013 03 09   115.065
2013 03 10   135.118333333
2013 03 11   134.38375
2013 03 12   111.535833333
2013 03 13   106.37625
2013 03 14   135.780416667
2013 03 15   152.766666667
2013 03 16   150.853333333
2013 03 17   129.2
2013 03 18   103.321666667
2013 03 19   90.0116666667
2013 03 20   80.4554166667
2013 03 21   163.722083333
2013 03 22   156.37
2013 03 23   158.732916667
2013 03 24   138.665
2013 03 25   170.934583333
2013 03 26   157.539583333
2013 03 27   185.817083333
2013 03 28   180.061666667
2013 03 29   164.68
2013 03 30   192.60375
2013 03 31   195.604166667
2013 04 01   202.712083333
2013 04 02   171.93875
2013 04 03   204.226666667
2013 04 04   210.649583333
2013 04 05   215.857083333
2013 04 06   215.842083333
2013 04 07   161.144583333
2013 04 08   113.219166667
2013 04 09   225.8325
2013 04 10   201.175
2013 04 11   174.08875
2013 04 12   47.9054166667
2013 04 13   53.1954166667
2013 04 14   188.438333333
2013 04 15   48.96375
2013 04 16   48.4570833333
2013 04 17   218.945833333
2013 04 18   59.8808333333
2013 04 19   67.23125
2013 04 20   261.372083333
2013 04 21   250.309583333
2013 04 22   110.3875
2013 04 23   165.117083333
2013 04 24   227.753333333
2013 04 25   269.497083333
2013 04 26   150.08
2013 04 27   186.436666667
2013 04 28   225.155416667
2013 04 29   223.157916667
2013 04 30   171.159583333
2013 05 01   256.216666667
2013 05 02   276.592083333
2013 05 03   258.529166667
2013 05 04   249.855833333
2013 05 05   292.85625
2013 05 06   283.609166667
2013 05 07   269.27625
2013 05 08   262.94875
2013 05 09   222.61
2013 05 10   239.769583333
2013 05 11   268.27875
2013 05 12   229.21
2013 05 13   248.64875
2013 05 14   150.666666667
2013 05 15   268.514166667
2013 05 16   273.062083333
2013 05 17   275.241666667
2013 05 18   99.9841666667
2013 05 19   150.898333333
2013 05 20   263.782916667
2013 05 21   91.2083333333
2013 05 22   124.207083333
2013 05 23   198.26375
2013 05 24   182.815833333
2013 05 25   318.5025
2013 05 26   160.242083333
2013 05 27   214.382083333
2013 05 28   315.484166667
2013 05 29   91.00875
2013 05 30   261.552916667
2013 05 31   274.592916667
2013 06 01   130.545
2013 06 02   277.935416667
2013 06 03   175.124166667
2013 06 04   142.492916667
2013 06 05   338.813333333
2013 06 06   314.80875
2013 06 07   343.005416667
2013 06 08   324.422083333
2013 06 09   198.865833333
2013 06 10   172.767083333
2013 06 11   243.507916667
2013 06 12   328.915833333
2013 06 13   77.65875
2013 06 14   154.576666667
2013 06 15   334.725833333
2013 06 16   255.192083333
2013 06 17   267.925833333
2013 06 18   270.745416667
2013 06 19   318.860416667
2013 06 20   244.108333333
2013 06 21   274.915833333
2013 06 22   147.041666667
2013 06 23   231.057916667
2013 06 24   193.87375
2013 06 25   254.119583333
2013 06 26   161.972916667
2013 06 27   95.0570833333
2013 06 28   236.039166667
2013 06 29   297.801666667
2013 06 30   191.087916667
2013 07 01   265.529166667
2013 07 02   247.150416667
2013 07 03   236.678333333
2013 07 04   164.288333333
2013 07 05   149.054166667
2013 07 06   299.017083333
2013 07 07   323.130833333
2013 07 08   275.605416667
2013 07 09   320.547083333
2013 07 10   53.6929166667
2013 07 11   306.204583333
2013 07 12   318.419166667
2013 07 13   318.957083333
2013 07 14   100.594583333
2013 07 15   288.24
2013 07 16   314.41125
2013 07 17   244.3075
2013 07 18   271.514166667
2013 07 19   208.252916667
2013 07 20   232.1425
2013 07 21   313.76
2013 07 22   320.2075
2013 07 23   123.646666667
2013 07 24   271.942916667
2013 07 25   274.472083333
2013 07 26   253.930833333
2013 07 27   208.3325
2013 07 28   251.005833333
2013 07 29   85.5516666667
2013 07 30   67.22125
2013 07 31   182.894583333
2013 08 01   206.512916667
2013 08 02   290.0675
2013 08 03   277.155416667
2013 08 04   270.19125
2013 08 05   268.70125
2013 08 06   233.504166667
2013 08 07   142.5325
2013 08 08   110.857083333
2013 08 09   82.05625
2013 08 10   210.985416667
2013 08 11   149.81125
2013 08 12   212.521666667
2013 08 13   182.858333333
2013 08 14   185.326666667
2013 08 15   261.944166667
2013 08 16   210.394166667
2013 08 17   85.8533333333
2013 08 18   156.950416667
2013 08 19   188.548333333
2013 08 20   211.87625
2013 08 21   213.353333333
2013 08 22   184.0925
2013 08 23   196.893333333
2013 08 24   215.95125
2013 08 25   235.205
2013 08 26   230.700416667
2013 08 27   209.6075
2013 08 28   222.13625
2013 08 29   85.4454166667
2013 08 30   119.285
2013 08 31   100.234583333
2013 09 01   165.718333333
2013 09 02   119.112083333
2013 09 03   206.567916667
2013 09 04   171.075
2013 09 05   183.42375
2013 09 06   179.110416667
2013 09 07   194.375833333
2013 09 08   199.029583333
2013 09 09   181.8925
2013 09 10   168.04625
2013 09 11   79.36125
2013 09 12   173.332916667
2013 09 13   131.121666667
2013 09 14   148.262916667
2013 09 15   125.572916667
2013 09 16   72.7741666667
2013 09 17   47.0045833333
2013 09 18   94.2820833333
2013 09 19   70.03125
2013 09 20   139.88875
2013 09 21   158.17125
2013 09 22   58.1829166667
2013 09 23   135.67
2013 09 24   90.1695833333
2013 09 25   112.719583333
2013 09 26   124.1425
2013 09 27   82.7879166667
2013 09 28   76.48375
2013 09 29   76.8029166667
2013 09 30   45.425
2013 10 01   85.4695833333
2013 10 02   124.70625
2013 10 03   123.457083333
2013 10 04   115.355
2013 10 05   29.97875
2013 10 06   65.9841666667
2013 10 07   59.6929166667
2013 10 08   37.72625
2013 10 09   25.4316666667
2013 10 10   19.64
2013 10 11   99.5179166667
2013 10 12   95.15125
2013 10 13   95.0766666667
2013 10 14   51.9295833333
2013 10 15   17.1783333333
2013 10 16   59.46125
2013 10 17   25.6495833333
2013 10 18   72.77
2013 10 19   67.87125
2013 10 20   59.8458333333
2013 10 21   76.565
2013 10 22   8.48416666667
2013 10 23   11.5758333333
2013 10 24   54.1741666667
2013 10 25   67.7570833333
2013 10 26   26.0808333333
2013 10 27   32.4570833333
2013 10 28   30.0229166667
2013 10 29   36.7729166667
2013 10 30   17.6904166667
2013 10 31   22.5604166667
2013 11 01   30.65375
2013 11 02   29.5554166667
2013 11 03   14.1666666667
2013 11 04   42.78625
2013 11 05   19.1554166667
2013 11 06   18.4725
2013 11 07   31.2333333333
2013 11 08   35.09625
2013 11 09   12.91125
2013 11 10   15.8925
2013 11 11   39.8258333333
2013 11 12   4.3825
2013 11 13   36.9283333333
2013 11 14   15.9591666667
2013 11 15   11.2495833333
2013 11 16   19.6766666667
2013 11 17   34.0245833333
2013 11 18   14.69375
2013 11 19   7.13375
2013 11 20   18.46625
2013 11 21   3.96333333333
2013 11 22   6.255
2013 11 23   15.6416666667
2013 11 24   27.0708333333
2013 11 25   26.3725
2013 11 26   24.2395833333
2013 11 27   19.74
2013 11 28   19.1875
2013 11 29   12.3354166667
2013 11 30   15.6041666667
2013 12 01   19.1525
2013 12 02   14.4354166667
2013 12 03   13.9375
2013 12 04   4.82625
2013 12 05   6.24625
2013 12 06   4.12541666667
2013 12 07   9.11416666667
2013 12 08   8.12208333333
2013 12 09   13.3866666667
2013 12 10   4.39333333333
2013 12 11   9.155
2013 12 12   17.2525
2013 12 13   13.3783333333
2013 12 14   3.3225
2013 12 15   5.01208333333
2013 12 16   2.91666666667
2013 12 17   3.80041666667
2013 12 18   4.88125
2013 12 19   2.30291666667
2013 12 20   10.2966666667
2013 12 21   2.70041666667
2013 12 22   10.38
2013 12 23   11.6075
2013 12 24   2.09083333333
2013 12 25   1.8325
2013 12 26   8.46833333333
2013 12 27   2.23541666667
2013 12 28   2.61166666667
2013 12 29   14.2529166667
2013 12 30   16.0604166667
2013 12 31   9.25416666667
2014 01 01   8.88208333333
2014 01 02   2.465
2014 01 03   1.54583333333
2014 01 04   4.45875
2014 01 05   5.50875
2014 01 06   6.24333333333
2014 01 07   3.05375
2014 01 08   10.0791666667
2014 01 09   5.00666666667
2014 01 10   7.94041666667
2014 01 11   8.1075
2014 01 12   10.2829166667
2014 01 13   21.1983333333
2014 01 14   8.87125
2014 01 15   14.7566666667
2014 01 16   16.52
2014 01 17   17.2995833333
2014 01 18   12.0941666667
2014 01 19   9.34666666667
2014 01 20   7.77958333333
2014 01 21   10.4058333333
2014 01 22   25.33625
2014 01 23   13.0145833333
2014 01 24   9.83375
2014 01 25   11.4320833333
2014 01 26   21.8995833333
2014 01 27   18.0795833333
2014 01 28   25.9308333333
2014 01 29   18.9833333333
2014 01 30   4.24708333333
2014 01 31   3.63833333333
2014 02 01   3.28125
2014 02 02   7.68625
2014 02 03   12.5766666667
2014 02 04   9.175
2014 02 05   14.0220833333
2014 02 06   6.96041666667
2014 02 07   13.54625
2014 02 08   16.185
2014 02 09   7.90958333333
2014 02 10   24.1454166667
2014 02 11   22.0495833333
2014 02 12   12.1558333333
2014 02 13   14.44875
2014 02 14   12.84125
2014 02 15   7.0525
2014 02 16   28.4745833333
2014 02 17   69.4616666667
2014 02 18   56.1708333333
2014 02 19   39.2541666667
2014 02 20   28.4316666667
2014 02 21   12.2825
2014 02 22   53.82375
2014 02 23   59.26
2014 02 24   53.09
2014 02 25   23.77625
2014 02 26   17.46125
2014 02 27   18.5475
2014 02 28   12.2179166667
2014 03 01   19.3658333333
2014 03 02   16.6975
2014 03 03   48.5020833333
2014 03 04   73.5583333333
2014 03 05   35.4570833333
2014 03 06   89.7008333333
2014 03 07   39.9958333333
2014 03 08   119.6675
2014 03 09   99.6925
2014 03 10   60.1741666667
2014 03 11   115.716666667
2014 03 12   118.4625
2014 03 13   134.287916667
2014 03 14   114.3825
2014 03 15   83.8958333333
2014 03 16   140.8525
2014 03 17   47.0033333333
2014 03 18   59.1695833333
2014 03 19   50.2991666667
2014 03 20   32.4220833333
2014 03 21   134.038333333
2014 03 22   140.0825
2014 03 23   116.902916667
2014 03 24   152.421666667
2014 03 25   111.937916667
2014 03 26   62.4820833333
2014 03 27   146.620833333
2014 03 28   180.53125
2014 03 29   173.145833333
2014 03 30   147.677083333
2014 03 31   96.89375
2014 04 01   78.0720833333
2014 04 02   189.775416667
2014 04 03   111.88125
2014 04 04   207.63625
2014 04 05   199.4225
2014 04 06   81.2841666667
2014 04 07   37.14875
2014 04 08   25.1154166667
2014 04 09   58.6145833333
2014 04 10   202.832083333
2014 04 11   70.2616666667
2014 04 12   197.958333333
2014 04 13   122.32125
2014 04 14   218.6575
2014 04 15   218.24
2014 04 16   229.650833333
2014 04 17   176.6525
2014 04 18   79.4295833333
2014 04 19   226.779583333
2014 04 20   244.197916667
2014 04 21   246.374583333
2014 04 22   254.252916667
2014 04 23   267.6425
2014 04 24   267.31375
2014 04 25   269.681666667
2014 04 26   272.884583333
2014 04 27   261.01125
2014 04 28   246.10375
2014 04 29   166.134583333
2014 04 30   153.539166667
2014 05 01   199.22625
2014 05 02   231.04625
2014 05 03   171.342083333
2014 05 04   211.240833333
2014 05 05   220.035416667
2014 05 06   233.8175
2014 05 07   124.044583333
2014 05 08   47.2383333333
2014 05 09   82.1095833333
2014 05 10   44.3216666667
2014 05 11   86.4745833333
2014 05 12   100.678333333
2014 05 13   176.884583333
2014 05 14   107.54625
2014 05 15   220.332083333
2014 05 16   292.0225
2014 05 17   309.872083333
2014 05 18   244.020833333
2014 05 19   68.3658333333
2014 05 20   230.02625
2014 05 21   297.650833333
2014 05 22   306.704166667
2014 05 23   311.999166667
2014 05 24   295.081666667
2014 05 25   275.12125
2014 05 26   276.819583333
2014 05 27   202.597083333
2014 05 28   139.670416667
2014 05 29   335.600833333
2014 05 30   46.5979166667
2014 05 31   175.269166667
2014 06 01   261.069583333
2014 06 02   307.62625
2014 06 03   69.3445833333
2014 06 04   134.730416667
2014 06 05   180.555833333
2014 06 06   150.4425
2014 06 07   247.029166667
2014 06 08   292.535833333
2014 06 09   324.947916667
2014 06 10   348.012916667
2014 06 11   216.222916667
2014 06 12   221.24125
2014 06 13   167.078333333
2014 06 14   355.636666667
2014 06 15   288.523333333
2014 06 16   206.054583333
2014 06 17   171.33875
2014 06 18   227.174583333
2014 06 19   102.055416667
2014 06 20   176.902083333
2014 06 21   245.2825
2014 06 22   231.670416667
2014 06 23   147.482916667
2014 06 24   223.2
2014 06 25   256.361666667
2014 06 26   284.84875
2014 06 27   234.1125
2014 06 28   140.5275
2014 06 29   122.89
2014 06 30   134.605
2014 07 01   84.2425
2014 07 02   231.425416667
2014 07 03   167.90125
2014 07 04   340.0075
2014 07 05   289.13875
2014 07 06   266.26125
2014 07 07   307.805
2014 07 08   325.110833333
2014 07 09   351.037916667
2014 07 10   333.495833333
2014 07 11   343.28125
2014 07 12   329.966666667
2014 07 13   181.255
2014 07 14   210.305833333
2014 07 15   173.218333333
2014 07 16   201.484166667
2014 07 17   254.720833333
2014 07 18   258.581666667
2014 07 19   209.089166667
2014 07 20   264.625416667
2014 07 21   200.86125
2014 07 22   269.794166667
2014 07 23   302.825416667
2014 07 24   306.5775
2014 07 25   303.4425
2014 07 26   297.50375
2014 07 27   159.857916667
2014 07 28   219.491666667
2014 07 29   277.367916667
2014 07 30   155.74375
2014 07 31   272.935833333
2014 08 01   252.368333333
2014 08 02   228.613333333
2014 08 03   208.046666667
2014 08 04   261.0175
2014 08 05   162.225833333
2014 08 06   183.266666667
2014 08 07   167.255833333
2014 08 08   254.362083333
2014 08 09   208.425416667
2014 08 10   241.83125
2014 08 11   115.109583333
2014 08 12   218.29625
2014 08 13   209.457916667
2014 08 14   164.967083333
2014 08 15   179.26125
2014 08 16   151.964166667
2014 08 17   148.337083333
2014 08 18   186.03375
2014 08 19   167.949166667
2014 08 20   122.555
2014 08 21   140.88125
2014 08 22   193.56875
2014 08 23   117.334583333
2014 08 24   147.7575
2014 08 25   189.03375
2014 08 26   32.6116666667
2014 08 27   185.162916667
2014 08 28   223.335416667
2014 08 29   115.237916667
2014 08 30   154.041666667
2014 08 31   189.920833333
2014 09 01   194.490416667
2014 09 02   192.042083333
2014 09 03   200.495
2014 09 04   203.11125
2014 09 05   202.680416667
2014 09 06   175.414583333
2014 09 07   184.315
2014 09 08   101.931666667
2014 09 09   146.443333333
2014 09 10   154.90875
2014 09 11   170.957916667
2014 09 12   135.213333333
2014 09 13   117.435
2014 09 14   168.8375
2014 09 15   170.014583333
2014 09 16   139.134166667
2014 09 17   144.389583333
2014 09 18   146.89
2014 09 19   139.73125
2014 09 20   131.60125
2014 09 21   81.5670833333
2014 09 22   24.6395833333
2014 09 23   123.825
2014 09 24   24.19875
2014 09 25   18.0954166667
2014 09 26   78.03375
2014 09 27   130.962916667
2014 09 28   117.9675
2014 09 29   130.947916667
2014 09 30   131.085416667
2014 10 01   111.424583333
2014 10 02   39.78
2014 10 03   51.4520833333
2014 10 04   44.6608333333
2014 10 05   40.4279166667
2014 10 06   15.9179166667
2014 10 07   10.8
2014 10 08   63.2795833333
2014 10 09   15.3354166667
2014 10 10   71.4720833333
2014 10 11   91.0491666667
2014 10 12   17.9245833333
2014 10 13   24.1441666667
2014 10 14   49.8458333333
2014 10 15   11.6175
2014 10 16   28.0220833333
2014 10 17   39.2629166667
2014 10 18   37.7795833333
2014 10 19   30.2020833333
2014 10 20   15.51125
2014 10 21   19.9591666667
2014 10 22   13.7879166667
2014 10 23   31.8441666667
2014 10 24   4.54791666667
2014 10 25   6.96708333333
2014 10 26   39.45
2014 10 27   24.3983333333
2014 10 28   44.6879166667
2014 10 29   28.86
2014 10 30   48.3529166667
2014 10 31   53.5033333333
2014 11 01   7.57458333333
2014 11 02   13.1775
2014 11 03   16.8470833333
2014 11 04   9.79875
2014 11 05   12.8845833333
2014 11 06   4.37208333333
2014 11 07   14.8866666667
2014 11 08   16.1404166667
2014 11 09   16.2266666667
2014 11 10   4.83333333333
2014 11 11   20.0258333333
2014 11 12   15.2833333333
2014 11 13   3.01083333333
2014 11 14   3.11541666667
2014 11 15   1.85875
2014 11 16   2.71458333333
2014 11 17   2.23916666667
2014 11 18   4.31333333333
2014 11 19   15.0491666667
2014 11 20   1.98875
2014 11 21   5.21958333333
2014 11 22   5.61958333333
2014 11 23   13.5358333333
2014 11 24   5.12166666667
2014 11 25   7.24375
2014 11 26   8.58291666667
2014 11 27   10.4670833333
2014 11 28   11.8866666667
2014 11 29   14.6966666667
2014 11 30   7.22041666667
2014 12 01   4.67708333333
2014 12 02   5.98125
2014 12 03   7.37416666667
2014 12 04   9.95791666667
2014 12 05   2.13666666667
2014 12 06   3.38666666667
2014 12 07   9.1425
2014 12 08   11.9204166667
2014 12 09   11.1279166667
2014 12 10   1.85375
2014 12 11   8.75375
2014 12 12   13.5220833333
2014 12 13   10.70375
2014 12 14   13.9
2014 12 15   2.095
2014 12 16   14.2533333333
2014 12 17   3.09666666667
2014 12 18   2.745
2014 12 19   7.51916666667
2014 12 20   13.84
2014 12 21   14.72
2014 12 22   5.5525
2014 12 23   14.8579166667
2014 12 24   10.0095833333
2014 12 25   16.3820833333
2014 12 26   18.2058333333
2014 12 27   16.05
2014 12 28   12.6129166667
2014 12 29   16.1733333333
2014 12 30   13.4395833333
2014 12 31   9.22958333333
2015 01 01   4.38666666667
2015 01 02   5.71125
2015 01 03   17.2170833333
2015 01 04   17.0366666667
2015 01 05   13.0395833333
2015 01 06   8.19166666667
2015 01 07   4.11958333333
2015 01 08   3.79125
2015 01 09   7.86375
2015 01 10   2.99833333333
2015 01 11   7.04541666667
2015 01 12   5.37791666667
2015 01 13   13.9079166667
2015 01 14   14.105
2015 01 15   18.7975
2015 01 16   14.2558333333
2015 01 17   16.7958333333
2015 01 18   15.4258333333
2015 01 19   10.28
2015 01 20   6.35041666667
2015 01 21   6.21458333333
2015 01 22   9.745
2015 01 23   12.1254166667
2015 01 24   11.0079166667
2015 01 25   7.77458333333
2015 01 26   14.59125
2015 01 27   11.35
2015 01 28   8.31166666667
2015 01 29   16.72875
2015 01 30   18.715
2015 01 31   5.515
2015 02 01   9.82708333333
2015 02 02   12.8304166667
2015 02 03   11.6583333333
2015 02 04   18.9241666667
2015 02 05   16.3545833333
2015 02 06   37.2891666667
2015 02 07   22.8379166667
2015 02 08   57.0183333333
2015 02 09   47.4033333333
2015 02 10   54.42875
2015 02 11   56.41
2015 02 12   19.0475
2015 02 13   13.2620833333
2015 02 14   48.8566666667
2015 02 15   73.2908333333
2015 02 16   44.7195833333
2015 02 17   12.9129166667
2015 02 18   31.85
2015 02 19   24.28
2015 02 20   19.9275
2015 02 21   42.5683333333
2015 02 22   45.84625
2015 02 23   21.0808333333
2015 02 24   46.5508333333
2015 02 25   77.515
2015 02 26   87.7829166667
2015 02 27   16.2516666667
2015 02 28   17.3808333333
2015 03 01   60.13125
2015 03 02   50.08375
2015 03 03   21.3558333333
2015 03 04   38.0075
2015 03 05   103.32625
2015 03 06   29.9441666667
2015 03 07   28.1
2015 03 08   104.492083333
2015 03 09   123.64625
2015 03 10   79.9795833333
2015 03 11   130.944166667
2015 03 12   134.400833333
2015 03 13   118.858333333
2015 03 14   136.97375
2015 03 15   127.3075
2015 03 16   134.868333333
2015 03 17   140.94
2015 03 18   149.423333333
2015 03 19   138.07625
2015 03 20   40.6629166667
2015 03 21   152.26375
2015 03 22   58.4975
2015 03 23   38.5804166667
2015 03 24   154.905
2015 03 25   115.11125
2015 03 26   59.0620833333
2015 03 27   27.4958333333
2015 03 28   75.7066666667
2015 03 29   32.47
2015 03 30   30.9033333333
2015 03 31   161.070416667
2015 04 01   129.629166667
2015 04 02   100.7325
2015 04 03   121.094583333
2015 04 04   73.4466666667
2015 04 05   77.8916666667
2015 04 06   174.675833333
2015 04 07   183.606666667
2015 04 08   146.185833333
2015 04 09   171.88
2015 04 10   185.964166667
2015 04 11   159.214166667
2015 04 12   116.675
2015 04 13   148.265416667
2015 04 14   172.577916667
2015 04 15   163.34625
2015 04 16   185.879166667
2015 04 17   100.547916667
2015 04 18   206.360833333
2015 04 19   186.02625
2015 04 20   218.49375
2015 04 21   240.628333333
2015 04 22   226.714166667
2015 04 23   248.00125
2015 04 24   215.831666667
2015 04 25   139.8725
2015 04 26   233.92875
2015 04 27   211.442083333
2015 04 28   255.194166667
2015 04 29   168.072083333
2015 04 30   226.655416667
2015 05 01   96.3266666667
2015 05 02   87.0095833333
2015 05 03   267.584583333
2015 05 04   129.017083333
2015 05 05   85.95
2015 05 06   198.208333333
2015 05 07   266.915
2015 05 08   215.284583333
2015 05 09   302.159166667
2015 05 10   86.45
2015 05 11   246.067083333
2015 05 12   131.289583333
2015 05 13   95.6225
2015 05 14   175.3325
2015 05 15   123.765416667
2015 05 16   245.826666667
2015 05 17   40.8920833333
2015 05 18   122.392083333
2015 05 19   114.809166667
2015 05 20   260.875
2015 05 21   270.614583333
2015 05 22   196.09
2015 05 23   286.79125
2015 05 24   308.14
2015 05 25   180.454166667
2015 05 26   163.842916667
2015 05 27   295.54
2015 05 28   273.25625
2015 05 29   215.150416667
2015 05 30   99.49875
2015 05 31   213.699166667
2015 06 01   218.327083333
2015 06 02   177.730833333
2015 06 03   227.92
2015 06 04   348.557916667
2015 06 05   335.42375
2015 06 06   148.8125
2015 06 07   182.239166667
2015 06 08   192.526666667
2015 06 09   322.219166667
2015 06 10   222.909166667
2015 06 11   342.927916667
2015 06 12   345.83
2015 06 13   296.05875
2015 06 14   129.832916667
2015 06 15   282.0225
2015 06 16   293.885
2015 06 17   236.742083333
2015 06 18   80.6579166667
2015 06 19   59.3891666667
2015 06 20   141.049166667
2015 06 21   284.99625
2015 06 22   252.695416667
2015 06 23   184.84625
2015 06 24   163.935
2015 06 25   209.913333333
2015 06 26   191.550416667
2015 06 27   299.810833333
2015 06 28   346.482916667
2015 06 29   222.97
2015 06 30   164.842083333
2015 07 01   295.476666667
2015 07 02   336.940416667
2015 07 03   343.051666667
2015 07 04   253.077916667
2015 07 05   296.505416667
2015 07 06   80.8566666667
2015 07 07   211.999166667
2015 07 08   111.707083333
2015 07 09   220.824166667
2015 07 10   128.898333333
2015 07 11   206.297916667
2015 07 12   217.6675
2015 07 13   216.172916667
2015 07 14   240.435833333
2015 07 15   271.709166667
2015 07 16   222.003333333
2015 07 17   159.79875
2015 07 18   152.1475
2015 07 19   177.021666667
2015 07 20   185.162083333
2015 07 21   144.26625
2015 07 22   186.009166667
2015 07 23   163.290416667
2015 07 24   299.354166667
2015 07 25   152.48125
2015 07 26   170.35625
2015 07 27   195.758333333
2015 07 28   144.252916667
2015 07 29   74.2658333333
2015 07 30   109.07
2015 07 31   240.837916667
2015 08 01   299.890416667
2015 08 02   195.375416667
2015 08 03   282.681666667
2015 08 04   281.19375
2015 08 05   115.869166667
2015 08 06   224.750416667
2015 08 07   244.184583333
2015 08 08   190.408333333
2015 08 09   229.840833333
2015 08 10   243.322916667
2015 08 11   132.279583333
2015 08 12   181.345
2015 08 13   273.029166667
2015 08 14   270.094583333
2015 08 15   268.015
2015 08 16   243.167083333
2015 08 17   252.347916667
2015 08 18   255.721666667
2015 08 19   256.146666667
2015 08 20   250.365
2015 08 21   246.477083333
2015 08 22   237.3625
2015 08 23   239.84125
2015 08 24   199.08625
2015 08 25   188.873333333
2015 08 26   175.668333333
2015 08 27   125.15625
2015 08 28   200.098333333
2015 08 29   202.242916667
2015 08 30   188.25625
2015 08 31   135.564166667
2015 09 01   38.65
2015 09 02   33.15125
2015 09 03   177.01875
2015 09 04   74.5979166667
2015 09 05   143.322083333
2015 09 06   23.8954166667
2015 09 07   179.13
2015 09 08   159.77125
2015 09 09   166.334583333
2015 09 10   173.047083333
2015 09 11   170.254166667
2015 09 12   85.5283333333
2015 09 13   100.620833333
2015 09 14   116.892083333
2015 09 15   54.6679166667
2015 09 16   144.744583333
2015 09 17   44.6604166667
2015 09 18   80.6466666667
2015 09 19   59.7779166667
2015 09 20   160.055
2015 09 21   89.4
2015 09 22   102.990416667
2015 09 23   50.9879166667
2015 09 24   52.9070833333
2015 09 25   124.953333333
2015 09 26   122.835833333
2015 09 27   108.725416667
2015 09 28   100.465833333
2015 09 29   134.44125
2015 09 30   121.3575
2015 10 01   81.60625
2015 10 02   122.972083333
2015 10 03   109.542916667
2015 10 04   80.7445833333
2015 10 05   105.268333333
2015 10 06   99.7154166667
2015 10 07   111.025833333
2015 10 08   83.9229166667
2015 10 09   103.280833333
2015 10 10   74.4375
2015 10 11   96.10375
2015 10 12   84.5483333333
2015 10 13   24.2645833333
2015 10 14   47.8370833333
2015 10 15   86.2383333333
2015 10 16   78.06125
2015 10 17   84.5045833333
2015 10 18   61.12875
2015 10 19   42.0125
2015 10 20   18.32375
2015 10 21   57.605
2015 10 22   25.2775
2015 10 23   69.30875
2015 10 24   66.4529166667
2015 10 25   47.45625
2015 10 26   62.7316666667
2015 10 27   37.4891666667
2015 10 28   65.4795833333
2015 10 29   31.5579166667
2015 10 30   20.53
2015 10 31   41.5825
2015 11 01   12.93375
2015 11 02   52.2266666667
2015 11 03   19.6308333333
2015 11 04   19.8316666667
2015 11 05   14.8245833333
2015 11 06   9.56416666667
2015 11 07   6.07166666667
2015 11 08   16.95
2015 11 09   9.33708333333
2015 11 10   34.2333333333
2015 11 11   38.08375
2015 11 12   10.1408333333
2015 11 13   14.26375
2015 11 14   11.5229166667
2015 11 15   10.8329166667
2015 11 16   11.16125
2015 11 17   27.7145833333
2015 11 18   20.5625
2015 11 19   5.93125
2015 11 20   20.1820833333
2015 11 21   29.0383333333
2015 11 22   27.045
2015 11 23   20.8145833333
2015 11 24   9.69583333333
2015 11 25   6.37791666667
2015 11 26   6.93291666667
2015 11 27   7.81333333333
2015 11 28   4.15541666667
2015 11 29   5.59083333333
2015 11 30   16.7725
2015 12 01   18.6220833333
2015 12 02   15.8
2015 12 03   11.07625
2015 12 04   1.99208333333
2015 12 05   3.795
2015 12 06   4.25625
2015 12 07   17.1854166667
2015 12 08   17.0345833333
2015 12 09   8.32
2015 12 10   2.66333333333
2015 12 11   12.7154166667
2015 12 12   15.0391666667
2015 12 13   4.66
2015 12 14   14.63875
2015 12 15   6.7225
2015 12 16   9.84791666667
2015 12 17   1.87583333333
2015 12 18   3.36333333333
2015 12 19   11.0570833333
2015 12 20   5.835
2015 12 21   7.58041666667
2015 12 22   11.1470833333
2015 12 23   9.76166666667
2015 12 24   11.8358333333
2015 12 25   8.2125
2015 12 26   14.2791666667
2015 12 27   6.42375
2015 12 28   14.4770833333
2015 12 29   15.3670833333
2015 12 30   6.78875
2015 12 31   13.8595833333
2016 01 01   4.04458333333
2016 01 02   6.63083333333
2016 01 03   8.19958333333
2016 01 04   8.02541666667
2016 01 05   12.175
2016 01 06   16.0966666667
2016 01 07   14.3404166667
2016 01 08   7.60833333333
2016 01 09   11.41625
2016 01 10   2.11708333333
2016 01 11   2.66125
2016 01 12   21.38125
2016 01 13   10.0641666667
2016 01 14   20.8820833333
2016 01 15   24.5675
2016 01 16   25.2645833333
2016 01 17   27.2279166667
2016 01 18   11.5441666667
2016 01 19   21.3879166667
2016 01 20   22.4558333333
2016 01 21   28.4225
2016 01 22   31.4495833333
2016 01 23   15.2416666667
2016 01 24   7.24958333333
2016 01 25   10.25
2016 01 26   4.10375
2016 01 27   6.79291666667
2016 01 28   10.6958333333
2016 01 29   17.2333333333
2016 01 30   23.9954166667
2016 01 31   21.6445833333
2016 02 01   24.9241666667
2016 02 02   13.58
2016 02 03   20.7408333333
2016 02 04   49.4558333333
2016 02 05   45.97125
2016 02 06   14.315
2016 02 07   39.4975
2016 02 08   41.2925
2016 02 09   15.63375
2016 02 10   5.75041666667
2016 02 11   17.4245833333
2016 02 12   28.2641666667
2016 02 13   63.4841666667
2016 02 14   26.9516666667
2016 02 15   26.6154166667
2016 02 16   73.3908333333
2016 02 17   70.2933333333
2016 02 18   14.22375
2016 02 19   35.9979166667
2016 02 20   29.96125
2016 02 21   42.4854166667
2016 02 22   53.9170833333
2016 02 23   57.6366666667
2016 02 24   90.6179166667
2016 02 25   89.9883333333
2016 02 26   37.6441666667
2016 02 27   96.6195833333
2016 02 28   99.4816666667
2016 02 29   103.39125
2016 03 01   100.514583333
2016 03 02   32.82375
2016 03 03   11.8791666667
2016 03 04   12.7333333333
2016 03 05   16.45125
2016 03 06   15.705
2016 03 07   19.7358333333
2016 03 08   69.7020833333
2016 03 09   68.15625
2016 03 10   112.832083333
2016 03 11   127.635
2016 03 12   132.665
2016 03 13   45.0941666667
2016 03 14   54.76125
2016 03 15   52.35375
2016 03 16   145.238333333
2016 03 17   129.432916667
2016 03 18   101.395416667
2016 03 19   69.8104166667
2016 03 20   63.1679166667
2016 03 21   56.91125
2016 03 22   49.33875
2016 03 23   73.4966666667
2016 03 24   156.334166667
2016 03 25   67.88875
2016 03 26   141.11375
2016 03 27   149.785416667
2016 03 28   171.415
2016 03 29   81.1908333333
2016 03 30   119.915416667
2016 03 31   82.4104166667
2016 04 01   156.118333333
2016 04 02   62.5004166667
2016 04 03   85.23875
2016 04 04   97.5341666667
2016 04 05   126.0425
2016 04 06   38.865
2016 04 07   88.4929166667
2016 04 08   108.267916667
2016 04 09   157.040833333
2016 04 10   195.950833333
2016 04 11   221.340833333
2016 04 12   215.940833333
2016 04 13   183.855416667
2016 04 14   197.232083333
2016 04 15   194.515833333
2016 04 16   59.54875
2016 04 17   119.414583333
2016 04 18   161.212916667
2016 04 19   169.835416667
2016 04 20   225.517916667
2016 04 21   220.497083333
2016 04 22   176.745833333
2016 04 23   197.4025
2016 04 24   90.4675
2016 04 25   155.999166667
2016 04 26   241.36
2016 04 27   88.91125
2016 04 28   50.955
2016 04 29   210.042916667
2016 04 30   246.99625
2016 05 01   227.505
2016 05 02   274.634166667
2016 05 03   251.66
2016 05 04   283.242083333
2016 05 05   302.228333333
2016 05 06   293.122083333
2016 05 07   293.461666667
2016 05 08   292.47125
2016 05 09   294.028333333
2016 05 10   259.416666667
2016 05 11   275.14625
2016 05 12   290.399583333
2016 05 13   290.697083333
2016 05 14   98.0704166667
2016 05 15   49.2225
2016 05 16   135.642083333
2016 05 17   156.802916667
2016 05 18   287.545416667
2016 05 19   183.827083333
2016 05 20   215.895833333
2016 05 21   193.754583333
2016 05 22   204.265
2016 05 23   301.171666667
2016 05 24   321.201666667
2016 05 25   138.402083333
2016 05 26   58.4070833333
2016 05 27   86.3658333333
2016 05 28   128.504166667
2016 05 29   245.6775
2016 05 30   321.708333333
2016 05 31   326.080833333
2016 06 01   289.888333333
2016 06 02   324.36375
2016 06 03   288.340833333
2016 06 04   342.788333333
2016 06 05   300.737083333
2016 06 06   347.88375
2016 06 07   311.104583333
2016 06 08   229.460416667
2016 06 09   244.074583333
2016 06 10   177.004583333
2016 06 11   239.82125
2016 06 12   267.783333333
2016 06 13   344.16
2016 06 14   356.062083333
2016 06 15   333.56
2016 06 16   45.8720833333
2016 06 17   162.844166667
2016 06 18   51.495
2016 06 19   160.907083333
2016 06 20   244.447916667
2016 06 21   240.90625
2016 06 22   320.00375
2016 06 23   279.653333333
2016 06 24   87.81125
2016 06 25   311.215833333
2016 06 26   64.4041666667
2016 06 27   302.82
2016 06 28   266.80875
2016 06 29   266.764583333
2016 06 30   214.41
2016 07 01   207.694583333
2016 07 02   128.662083333
2016 07 03   238.834583333
2016 07 04   344.19375
2016 07 05   288.204583333
2016 07 06   314.682916667
2016 07 07   341.120833333
2016 07 08   320.949166667
2016 07 09   239.422083333
2016 07 10   273.600416667
2016 07 11   172.364166667
2016 07 12   215.411666667
2016 07 13   144.587083333
2016 07 14   257.865833333
2016 07 15   124.141666667
2016 07 16   211.22125
2016 07 17   270.316666667
2016 07 18   255.722916667
2016 07 19   258.370416667
2016 07 20   277.5275
2016 07 21   334.948333333
2016 07 22   210.839583333
2016 07 23   314.411666667
2016 07 24   214.492916667
2016 07 25   263.605
2016 07 26   177.96
2016 07 27   287.581666667
2016 07 28   148.227916667
2016 07 29   265.139166667
2016 07 30   196.716666667
2016 07 31   267.0125
2016 08 01   253.496666667
2016 08 02   247.913333333
2016 08 03   212.575416667
2016 08 04   170.086666667
2016 08 05   185.85875
2016 08 06   193.178333333
2016 08 07   236.437083333
2016 08 08   178.842916667
2016 08 09   127.33375
2016 08 10   183.157916667
2016 08 11   203.778333333
2016 08 12   212.555833333
2016 08 13   146.495416667
2016 08 14   141.333333333
2016 08 15   106.363333333
2016 08 16   207.243333333
2016 08 17   51.9308333333
2016 08 18   46.6541666667
2016 08 19   145.9925
2016 08 20   163.909583333
2016 08 21   50.5841666667
2016 08 22   198.31625
2016 08 23   229.0125
2016 08 24   225.356666667
2016 08 25   121.44
2016 08 26   214.497083333
2016 08 27   222.36375
2016 08 28   76.7325
2016 08 29   29.49625
2016 08 30   187.345
2016 08 31   157.8025
2016 09 01   132.611666667
2016 09 02   194.13625
2016 09 03   82.0845833333
2016 09 04   144.202083333
2016 09 05   147.23125
2016 09 06   173.455833333
2016 09 07   181.491666667
2016 09 08   134.595833333
2016 09 09   101.31625
2016 09 10   184.979583333
2016 09 11   129.052916667
2016 09 12   182.950833333
2016 09 13   148.4725
2016 09 14   134.318333333
2016 09 15   137.224166667
2016 09 16   172.892916667
2016 09 17   141.195833333
2016 09 18   107.535416667
2016 09 19   131.9075
2016 09 20   103.063333333
2016 09 21   125.429166667
2016 09 22   68.8220833333
2016 09 23   104.855833333
2016 09 24   78.3316666667
2016 09 25   91.1945833333
2016 09 26   125.351666667
2016 09 27   127.105833333
2016 09 28   59.8345833333
2016 09 29   25.81625
2016 09 30   131.603333333
2016 10 01   128.962083333
2016 10 02   118.165
2016 10 03   119.117916667
2016 10 04   104.12625
2016 10 05   120.8975
2016 10 06   103.275833333
2016 10 07   79.605
2016 10 08   21.8729166667
2016 10 09   21.07375
2016 10 10   31.6566666667
2016 10 11   19.0233333333
2016 10 12   16.3633333333
2016 10 13   23.2341666667
2016 10 14   18.7629166667
2016 10 15   16.91625
2016 10 16   17.2525
2016 10 17   31.5483333333
2016 10 18   26.4954166667
2016 10 19   17.8279166667
2016 10 20   29.6845833333
2016 10 21   14.725
2016 10 22   4.3325
2016 10 23   4.66458333333
2016 10 24   11.6983333333
2016 10 25   10.90125
2016 10 26   43.47875
2016 10 27   26.4645833333
2016 10 28   38.38375
2016 10 29   58.3625
2016 10 30   60.055
2016 10 31   44.7541666667
2016 11 01   10.8845833333
2016 11 02   16.4254166667
2016 11 03   12.20625
2016 11 04   11.8379166667
2016 11 05   20.79125
2016 11 06   9.33166666667
2016 11 07   23.3158333333
2016 11 08   13.9466666667
2016 11 09   8.435
2016 11 10   23.7558333333
2016 11 11   10.0208333333
2016 11 12   38.3008333333
2016 11 13   23.4183333333
2016 11 14   7.03625
2016 11 15   6.13625
2016 11 16   23.295
2016 11 17   30.6708333333
2016 11 18   2.20583333333
2016 11 19   20.5479166667
2016 11 20   24.44125
2016 11 21   13.3983333333
2016 11 22   3.30791666667
2016 11 23   14.8433333333
2016 11 24   18.9695833333
2016 11 25   6.56708333333
2016 11 26   18.3804166667
2016 11 27   9.85791666667
2016 11 28   21.63875
2016 11 29   11.7875
2016 11 30   23.0166666667
2016 12 01   20.6120833333
2016 12 02   10.1083333333
2016 12 03   12.1433333333
2016 12 04   10.76
2016 12 05   4.42416666667
2016 12 06   17.9191666667
2016 12 07   6.11375
2016 12 08   4.58833333333
2016 12 09   13.4675
2016 12 10   5.00791666667
2016 12 11   5.56083333333
2016 12 12   18.3925
2016 12 13   7.35458333333
2016 12 14   14.815
2016 12 15   14.9016666667
2016 12 16   2.7575
2016 12 17   3.37416666667
2016 12 18   14.5783333333
2016 12 19   13.22375
2016 12 20   2.57083333333
2016 12 21   2.6
2016 12 22   11.6004166667
2016 12 23   12.7304166667
2016 12 24   10.7533333333
2016 12 25   15.1191666667
2016 12 26   14.0104166667
2016 12 27   11.2866666667
2016 12 28   15.1716666667
2016 12 29   8.54333333333
2016 12 30   7.17291666667
2016 12 31   2.52708333333
2017 01 01   14.4908333333
2017 01 02   10.955
2017 01 03   14.3066666667
2017 01 04   6.46875
2017 01 05   11.0533333333
2017 01 06   18.0320833333
2017 01 07   8.60875
2017 01 08   12.4079166667
2017 01 09   5.9725
2017 01 10   3.88375
2017 01 11   3.07375
2017 01 12   11.9558333333
2017 01 13   20.3541666667
2017 01 14   13.4983333333
2017 01 15   22.4554166667
2017 01 16   10.81375
2017 01 17   10.2308333333
2017 01 18   6.94958333333
2017 01 19   18.2029166667
2017 01 20   26.57625
2017 01 21   20.9016666667
2017 01 22   13.2395833333
2017 01 23   20.3454166667
2017 01 24   16.1716666667
2017 01 25   6.18375
2017 01 26   15.1195833333
2017 01 27   15.4691666667
2017 01 28   27.42125
2017 01 29   4.26041666667
2017 01 30   31.2158333333
2017 01 31   10.1591666667
2017 02 01   6.63125
2017 02 02   7.58958333333
2017 02 03   9.16291666667
2017 02 04   3.965
2017 02 05   5.325
2017 02 06   20.8
2017 02 07   55.3816666667
2017 02 08   55.13625
2017 02 09   22.8483333333
2017 02 10   29.6004166667
2017 02 11   16.6308333333
2017 02 12   63.59375
2017 02 13   55.48875
2017 02 14   65.5808333333
2017 02 15   71.3654166667
2017 02 16   38.1245833333
2017 02 17   68.1016666667
2017 02 18   64.295
2017 02 19   38.67125
2017 02 20   20.7045833333
2017 02 21   43.03125
2017 02 22   18.9204166667
2017 02 23   71.99375
2017 02 24   94.4566666667
2017 02 25   93.87
2017 02 26   19.6566666667
2017 02 27   20.2575
2017 02 28   28.78625
2017 03 01   67.36125
2017 03 02   61.1733333333
2017 03 03   20.6020833333
2017 03 04   22.0970833333
2017 03 05   60.965
2017 03 06   94.3554166667
2017 03 07   20.6404166667
2017 03 08   49.9575
2017 03 09   27.1566666667
2017 03 10   44.465
2017 03 11   131.988333333
2017 03 12   91.0958333333
2017 03 13   104.904166667
2017 03 14   67.99375
2017 03 15   115.65875
2017 03 16   128.062916667
2017 03 17   118.729166667
2017 03 18   107.440416667
2017 03 19   157.279166667
2017 03 20   54.6545833333
2017 03 21   89.1566666667
2017 03 22   112.932083333
2017 03 23   170.305416667
2017 03 24   167.124166667
2017 03 25   162.375
2017 03 26   126.642916667
2017 03 27   154.217916667
2017 03 28   175.914166667
2017 03 29   38.5229166667
2017 03 30   99.17875
2017 03 31   37.2129166667
2017 04 01   75.5933333333
2017 04 02   166.989583333
2017 04 03   164.278333333
2017 04 04   197.46125
2017 04 05   171.2075
2017 04 06   166.21875
2017 04 07   140.129583333
2017 04 08   78.23625
2017 04 09   194.372916667
2017 04 10   78.3883333333
2017 04 11   102.157916667
2017 04 12   74.1216666667
2017 04 13   86.7391666667
2017 04 14   88.36375
2017 04 15   187.19625
2017 04 16   119.109166667
2017 04 17   195.699166667
2017 04 18   136.199166667
2017 04 19   228.409166667
2017 04 20   113.371666667
2017 04 21   196.55875
2017 04 22   170.9775
2017 04 23   246.08375
2017 04 24   176.230833333
2017 04 25   84.8991666667
2017 04 26   171.2775
2017 04 27   258.11375
2017 04 28   249.148333333
2017 04 29   165.052916667
2017 04 30   243.822916667
2017 05 01   280.129583333
2017 05 02   287.598333333
2017 05 03   291.282083333
2017 05 04   295.100833333
2017 05 05   294.146666667
2017 05 06   140.968333333
2017 05 07   259.035833333
2017 05 08   175.11375
2017 05 09   206.69
2017 05 10   215.915
2017 05 11   201.132916667
2017 05 12   297.68125
2017 05 13   295.384583333
2017 05 14   124.08875
2017 05 15   102.813333333
2017 05 16   299.237916667
2017 05 17   102.330833333
2017 05 18   234.879166667
2017 05 19   299.195416667
2017 05 20   175.775833333
2017 05 21   283.958333333
2017 05 22   241.22875
2017 05 23   181.493333333
2017 05 24   305.32125
2017 05 25   223.719166667
2017 05 26   284.781666667
2017 05 27   308.379583333
2017 05 28   269.642916667
2017 05 29   333.4825
2017 05 30   46.8408333333
2017 05 31   132.70625
2017 06 01   260.029166667
2017 06 02   352.1425
2017 06 03   174.76125
2017 06 04   122.604166667
2017 06 05   191.912083333
2017 06 06   330.94125
2017 06 07   147.014583333
2017 06 08   191.157916667
2017 06 09   185.25
2017 06 10   252.500416667
2017 06 11   241.150833333
2017 06 12   223.437916667
2017 06 13   123.832083333
2017 06 14   330.360416667
2017 06 15   251.43875
2017 06 16   215.394583333
2017 06 17   312.180833333
2017 06 18   298.952916667
2017 06 19   317.982083333
2017 06 20   265.6525
2017 06 21   263.0875
2017 06 22   286.385833333
2017 06 23   258.194166667
2017 06 24   146.255
2017 06 25   246.724166667
2017 06 26   193.8425
2017 06 27   262.5
2017 06 28   351.2025
2017 06 29   301.6
2017 06 30   117.533333333
2017 07 01   190.317916667
2017 07 02   266.56375
2017 07 03   259.524166667
2017 07 04   149.178333333
2017 07 05   307.39625
2017 07 06   343.901666667
2017 07 07   261.39125
2017 07 08   213.099583333
2017 07 09   175.516666667
2017 07 10   316.541666667
2017 07 11   179.280833333
2017 07 12   193.769583333
2017 07 13   296.62375
2017 07 14   290.255
2017 07 15   290.449166667
2017 07 16   219.57625
2017 07 17   262.889166667
2017 07 18   286.8725
2017 07 19   237.427083333
2017 07 20   242.63875
2017 07 21   275.4625
2017 07 22   242.699166667
2017 07 23   252.914583333
2017 07 24   266.84125
2017 07 25   156.2975
2017 07 26   115.444166667
2017 07 27   264.281666667
2017 07 28   86.7525
2017 07 29   242.687916667
2017 07 30   224.61875
2017 07 31   221.230416667
2017 08 01   238.0575
2017 08 02   203.53375
2017 08 03   207.218333333
2017 08 04   166.345416667
2017 08 05   153.875
2017 08 06   92.9891666667
2017 08 07   228.551666667
2017 08 08   220.04125
2017 08 09   207.388333333
2017 08 10   161.240416667
2017 08 11   269.15625
2017 08 12   84.8370833333
2017 08 13   87.415
2017 08 14   260.812083333
2017 08 15   236.372083333
2017 08 16   95.64375
2017 08 17   248.84625
2017 08 18   76.77125
2017 08 19   134.632083333
2017 08 20   180.9925
2017 08 21   243.82
2017 08 22   113.378333333
2017 08 23   133.765833333
2017 08 24   215.360833333
2017 08 25   96.6720833333
2017 08 26   227.68125
2017 08 27   200.959583333
2017 08 28   220.635416667
2017 08 29   143.630833333
2017 08 30   165.995
2017 08 31   53.0995833333
2017 09 01   186.830416667
2017 09 02   116.185416667
2017 09 03   76.7045833333
2017 09 04   20.8829166667
2017 09 05   157.592916667
2017 09 06   96.0925
2017 09 07   108.352916667
2017 09 08   74.4391666667
2017 09 09   74.2579166667
2017 09 10   125.102916667
2017 09 11   114.954166667
2017 09 12   142.166666667
2017 09 13   107.92625
2017 09 14   53.1779166667
2017 09 15   105.64375
2017 09 16   135.754166667
2017 09 17   77.7033333333
2017 09 18   64.0079166667
2017 09 19   91.01875
2017 09 20   101.079166667
2017 09 21   139.291666667
2017 09 22   13.3529166667
2017 09 23   30.28375
2017 09 24   94.8558333333
2017 09 25   111.0575
2017 09 26   102.379166667
2017 09 27   66.7041666667
2017 09 28   50.7616666667
2017 09 29   38.6920833333
2017 09 30   78.3491666667
2017 10 01   77.72625
2017 10 02   11.8925
2017 10 03   59.6829166667
2017 10 04   104.595
2017 10 05   79.53625
2017 10 06   60.0591666667
2017 10 07   17.365
2017 10 08   23.1429166667
2017 10 09   63.1479166667
2017 10 10   30.0075
2017 10 11   87.9379166667
2017 10 12   25.7791666667
2017 10 13   45.405
2017 10 14   40.7466666667
2017 10 15   79.4316666667
2017 10 16   70.0716666667
2017 10 17   27.34875
2017 10 18   80.2891666667
2017 10 19   79.9429166667
2017 10 20   63.8270833333
2017 10 21   66.5066666667
2017 10 22   32.8070833333
2017 10 23   24.8395833333
2017 10 24   23.82375
2017 10 25   5.44083333333
2017 10 26   20.2179166667
2017 10 27   20.3133333333
2017 10 28   15.6516666667
2017 10 29   31.8895833333
2017 10 30   49.53375
2017 10 31   44.2841666667
2017 11 01   31.6520833333
2017 11 02   10.7983333333
2017 11 03   49.9279166667
2017 11 04   21.48
2017 11 05   6.84208333333
2017 11 06   39.4866666667
2017 11 07   36.14625
2017 11 08   26.4279166667
2017 11 09   13.2091666667
2017 11 10   25.6966666667
2017 11 11   38.1916666667
2017 11 12   8.49916666667
2017 11 13   36.6441666667
2017 11 14   26.0966666667
2017 11 15   16.1541666667
2017 11 16   33.5395833333
2017 11 17   31.4229166667
2017 11 18   11.4229166667
2017 11 19   13.2629166667
2017 11 20   8.8575
2017 11 21   10.4970833333
2017 11 22   8.27833333333
2017 11 23   5.465
2017 11 24   14.1875
2017 11 25   11.7404166667
2017 11 26   10.7508333333
2017 11 27   7.11791666667
2017 11 28   4.70291666667
2017 11 29   8.725
2017 11 30   8.705
2017 12 01   3.83208333333
2017 12 02   16.9245833333
2017 12 03   4.08291666667
2017 12 04   16.00375
2017 12 05   6.0
2017 12 06   10.5541666667
2017 12 07   3.53583333333
2017 12 08   11.8429166667
2017 12 09   7.57208333333
2017 12 10   12.7175
2017 12 11   6.31625
2017 12 12   2.76083333333
2017 12 13   5.98666666667
2017 12 14   2.04166666667
2017 12 15   5.79375
2017 12 16   2.70958333333
2017 12 17   15.1854166667
2017 12 18   4.98833333333
2017 12 19   5.62083333333
2017 12 20   4.36041666667
2017 12 21   9.03166666667
2017 12 22   13.7775
2017 12 23   4.69041666667
2017 12 24   7.58333333333
2017 12 25   4.88541666667
2017 12 26   3.75958333333
2017 12 27   8.61416666667
2017 12 28   1.1775
2017 12 29   7.10375
2017 12 30   11.2575
2017 12 31   5.45125
