#year month day temp temp_corrected Data id no. meaning data from: 1=Uppsala, 2=Risinge, 3=Betna, 4=Linköping, 5=Stockholm, 6=Interpolated
2008  1  1   1.0   0.8 1              
2008  1  2   0.0  -0.2 1
2008  1  3  -1.5  -1.7 1
2008  1  4  -1.9  -2.1 1
2008  1  5  -1.6  -1.7 1
2008  1  6   0.0  -0.2 1
2008  1  7   1.3   1.1 1
2008  1  8   1.4   1.2 1
2008  1  9   1.8   1.6 1
2008  1 10   2.4   2.2 1
2008  1 11   4.4   4.2 1
2008  1 12   3.4   3.2 1
2008  1 13   1.9   1.7 1
2008  1 14   4.0   3.8 1
2008  1 15   3.9   3.7 1
2008  1 16   4.4   4.2 1
2008  1 17   4.8   4.6 1
2008  1 18   2.9   2.7 1
2008  1 19   4.0   3.8 1
2008  1 20   2.3   2.1 1
2008  1 21   1.1   0.9 1
2008  1 22  -1.1  -1.3 1
2008  1 23  -3.8  -4.0 1
2008  1 24   3.3   3.1 1
2008  1 25   3.1   2.9 1
2008  1 26   0.9   0.7 1
2008  1 27   0.3   0.1 1
2008  1 28   0.2   0.0 1
2008  1 29   5.1   4.9 1
2008  1 30   0.6   0.3 1
2008  1 31  -0.4  -0.6 1
2008  2  1   2.3   2.0 1
2008  2  2   0.6   0.3 1
2008  2  3  -1.2  -1.4 1
2008  2  4   2.0   1.8 1
2008  2  5   1.8   1.6 1
2008  2  6   2.9   2.7 1
2008  2  7   1.9   1.7 1
2008  2  8   2.8   2.5 1
2008  2  9   5.0   4.7 1
2008  2 10   2.8   2.5 1
2008  2 11   1.3   1.0 1
2008  2 12  -0.3  -0.6 1
2008  2 13   2.4   2.1 1
2008  2 14  -0.8  -1.1 1
2008  2 15  -4.2  -4.5 1
2008  2 16  -4.5  -4.8 1
2008  2 17   3.8   3.5 1
2008  2 18   5.0   4.6 1
2008  2 19   1.1   0.7 1
2008  2 20   0.6   0.3 1
2008  2 21   3.1   2.7 1
2008  2 22   6.4   6.0 1
2008  2 23   4.0   3.6 1
2008  2 24   6.8   6.3 1
2008  2 25   4.8   4.3 1
2008  2 26   2.8   2.3 1
2008  2 27   4.5   4.0 1
2008  2 28   2.8   2.2 1
2008  2 29   2.9   2.4 1
2008  3  1   2.1   1.6 1
2008  3  2   0.9   0.3 1
2008  3  3   0.2  -0.4 1
2008  3  4  -1.0  -1.6 1
2008  3  5  -1.0  -1.6 1
2008  3  6   3.5   2.9 1
2008  3  7   2.4   1.8 1
2008  3  8   4.4   3.8 1
2008  3  9   4.8   4.1 1
2008  3 10   5.2   4.5 1
2008  3 11   5.0   4.3 1
2008  3 12   4.3   3.6 1
2008  3 13   2.2   1.5 1
2008  3 14   1.9   1.2 1
2008  3 15   1.7   1.0 1
2008  3 16   2.6   1.9 1
2008  3 17   0.9   0.2 1
2008  3 18   0.0  -0.6 1
2008  3 19  -1.1  -1.7 1
2008  3 20  -2.7  -3.3 1
2008  3 21  -3.0  -3.6 1
2008  3 22  -5.2  -5.8 1
2008  3 23  -6.7  -7.3 1
2008  3 24  -4.9  -5.5 1
2008  3 25  -1.3  -1.8 1
2008  3 26  -1.1  -1.7 1
2008  3 27  -0.1  -0.6 1
2008  3 28   0.9   0.3 1
2008  3 29   4.9   4.4 1
2008  3 30   6.7   6.2 1
2008  3 31   8.0   7.5 1
2008  4  1   7.2   6.7 1
2008  4  2   7.3   6.8 1
2008  4  3   2.1   1.7 1
2008  4  4   5.3   4.9 1
2008  4  5   7.6   7.2 1
2008  4  6   5.2   4.8 1
2008  4  7   4.8   4.5 1
2008  4  8   1.8   1.4 1
2008  4  9   0.4   0.0 1
2008  4 10   1.6   1.2 1
2008  4 11   2.2   1.9 1
2008  4 12   3.1   2.8 1
2008  4 13   2.0   1.7 1
2008  4 14   3.5   3.2 1
2008  4 15   5.8   5.6 1
2008  4 16   4.7   4.4 1
2008  4 17   4.6   4.3 1
2008  4 18   5.2   4.9 1
2008  4 19   4.8   4.5 1
2008  4 20   6.1   5.8 1
2008  4 21   7.1   6.7 1
2008  4 22   5.8   5.5 1
2008  4 23   9.1   8.8 1
2008  4 24  11.7  11.4 1
2008  4 25  12.5  12.1 1
2008  4 26  12.3  11.9 1
2008  4 27  12.2  11.9 1
2008  4 28  13.7  13.4 1
2008  4 29  13.9  13.6 1
2008  4 30  13.8  13.5 1
2008  5  1  12.2  11.9 1
2008  5  2  10.4  10.0 1
2008  5  3  11.7  11.3 1
2008  5  4  12.5  12.2 1
2008  5  5  11.9  11.5 1
2008  5  6  10.3   9.9 1
2008  5  7  11.6  11.2 1
2008  5  8  14.2  13.8 1
2008  5  9  15.9  15.4 1
2008  5 10  18.7  18.3 1
2008  5 11  18.2  17.8 1
2008  5 12   8.6   8.2 1
2008  5 13   7.0   6.6 1
2008  5 14   5.7   5.2 1
2008  5 15   6.9   6.4 1
2008  5 16   7.2   6.7 1
2008  5 17   5.8   5.4 1
2008  5 18   4.7   4.2 1
2008  5 19   6.6   6.2 1
2008  5 20   7.1   6.7 1
2008  5 21   8.7   8.3 1
2008  5 22  10.4  10.0 1
2008  5 23  10.9  10.4 1
2008  5 24  10.3   9.9 1
2008  5 25  12.8  12.4 1
2008  5 26  13.4  13.0 1
2008  5 27  12.2  11.8 1
2008  5 28  14.4  14.0 1
2008  5 29  18.7  18.3 1
2008  5 30  18.7  18.3 1
2008  5 31  18.9  18.5 1
2008  6  1  20.5  20.1 1
2008  6  2  17.3  16.9 1
2008  6  3  16.2  15.8 1
2008  6  4  17.4  17.0 1
2008  6  5  20.3  20.0 1
2008  6  6  22.4  22.0 1
2008  6  7  19.8  19.4 1
2008  6  8  21.6  21.2 1
2008  6  9  18.7  18.4 1
2008  6 10  18.1  17.8 1
2008  6 11  10.6  10.3 1
2008  6 12  11.0  10.6 1
2008  6 13  13.3  12.9 1
2008  6 14  11.3  10.9 1
2008  6 15  13.3  13.0 1
2008  6 16  10.9  10.6 1
2008  6 17  13.2  12.8 1
2008  6 18  15.2  14.9 1
2008  6 19  17.1  16.7 1
2008  6 20  16.4  16.0 1
2008  6 21  14.6  14.2 1
2008  6 22  16.2  15.8 1
2008  6 23  15.7  15.3 1
2008  6 24  14.7  14.3 1
2008  6 25  14.5  14.2 1
2008  6 26  16.3  15.9 1
2008  6 27  17.4  17.1 1
2008  6 28  14.4  14.0 1
2008  6 29  15.4  15.1 1
2008  6 30  14.6  14.3 1
2008  7  1  16.7  16.4 1
2008  7  2  17.2  16.9 1
2008  7  3  18.1  17.8 1
2008  7  4  21.0  20.7 1
2008  7  5  15.6  15.3 1
2008  7  6  13.7  13.4 1
2008  7  7  11.1  10.7 1
2008  7  8  13.3  12.9 1
2008  7  9  15.6  15.2 1
2008  7 10  19.1  18.8 1
2008  7 11  18.2  17.9 1
2008  7 12  18.3  18.0 1
2008  7 13  17.7  17.4 1
2008  7 14  17.8  17.4 1
2008  7 15  18.8  18.4 1
2008  7 16  18.5  18.2 1
2008  7 17  15.2  14.8 1
2008  7 18  16.2  15.9 1
2008  7 19  17.8  17.5 1
2008  7 20  19.0  18.7 1
2008  7 21  16.4  16.1 1
2008  7 22  17.7  17.5 1
2008  7 23  19.2  18.9 1
2008  7 24  21.7  21.5 1
2008  7 25  22.4  22.2 1
2008  7 26  24.0  23.8 1
2008  7 27  23.6  23.4 1
2008  7 28  21.3  21.1 1
2008  7 29  19.9  19.6 1
2008  7 30  19.6  19.4 1
2008  7 31  20.4  20.2 1
2008  8  1  19.8  19.6 1
2008  8  2  16.7  16.5 1
2008  8  3  17.5  17.3 1
2008  8  4  15.5  15.3 1
2008  8  5  12.6  12.5 1
2008  8  6  15.0  14.9 1
2008  8  7  15.1  15.0 1
2008  8  8  14.8  14.7 1
2008  8  9  14.8  14.7 1
2008  8 10  14.6  14.6 1
2008  8 11  17.1  17.1 1
2008  8 12  17.9  17.8 1
2008  8 13  18.0  17.9 1
2008  8 14  15.4  15.4 1
2008  8 15  17.0  16.9 1
2008  8 16  15.2  15.2 1
2008  8 17  13.6  13.6 1
2008  8 18  15.4  15.4 1
2008  8 19  17.1  17.1 1
2008  8 20  17.2  17.2 1
2008  8 21  15.7  15.7 1
2008  8 22  15.1  15.1 1
2008  8 23  13.6  13.6 1
2008  8 24  13.2  13.2 1
2008  8 25  13.8  13.8 1
2008  8 26  13.4  13.4 1
2008  8 27  15.8  15.8 1
2008  8 28  14.5  14.5 1
2008  8 29  11.3  11.3 1
2008  8 30  12.8  12.8 1
2008  8 31  10.8  10.8 1
2008  9  1  12.0  12.0 1
2008  9  2  14.5  14.5 1
2008  9  3  16.0  16.1 1
2008  9  4  15.1  15.2 1
2008  9  5  14.8  14.8 1
2008  9  6  11.6  11.6 1
2008  9  7  13.1  13.2 1
2008  9  8  12.7  12.8 1
2008  9  9  10.3  10.4 1
2008  9 10  11.2  11.3 1
2008  9 11  11.8  11.9 1
2008  9 12   8.6   8.7 1
2008  9 13   8.3   8.4 1
2008  9 14   9.2   9.3 1
2008  9 15   8.5   8.6 1
2008  9 16   8.7   8.9 1
2008  9 17   8.0   8.1 1
2008  9 18   8.2   8.4 1
2008  9 19  10.0  10.1 1
2008  9 20  11.2  11.3 1
2008  9 21   8.6   8.7 1
2008  9 22   8.8   8.9 1
2008  9 23  10.8  10.9 1
2008  9 24  10.5  10.6 1
2008  9 25  10.5  10.6 1
2008  9 26  11.1  11.2 1
2008  9 27  12.1  12.2 1
2008  9 28  10.7  10.8 1
2008  9 29   7.2   7.2 1
2008  9 30   6.9   7.0 1
2008 10  1   9.0   9.1 1
2008 10  2   7.9   7.9 1
2008 10  3   5.7   5.7 1
2008 10  4   7.7   7.8 1
2008 10  5   6.8   6.8 1
2008 10  6   7.5   7.6 1
2008 10  7   5.3   5.4 1
2008 10  8   6.6   6.6 1
2008 10  9   8.5   8.5 1
2008 10 10   9.9  10.0 1
2008 10 11  12.6  12.6 1
2008 10 12  10.4  10.4 1
2008 10 13  10.1  10.0 1
2008 10 14  10.0  10.0 1
2008 10 15   5.7   5.7 1
2008 10 16   7.7   7.6 1
2008 10 17   6.1   6.0 1
2008 10 18   5.7   5.6 1
2008 10 19   8.1   8.0 1
2008 10 20   9.0   8.9 1
2008 10 21  10.6  10.5 1
2008 10 22   8.1   8.1 1
2008 10 23   7.3   7.2 1
2008 10 24  10.6  10.5 1
2008 10 25   9.1   9.0 1
2008 10 26   9.4   9.3 1
2008 10 27   7.1   7.0 1
2008 10 28   3.9   3.8 1
2008 10 29   1.4   1.3 1
2008 10 30   1.5   1.4 1
2008 10 31   2.8   2.7 1
2008 11  1  -0.9  -1.0 1
2008 11  2   1.3   1.1 1
2008 11  3   3.2   3.1 1
2008 11  4   3.7   3.6 1
2008 11  5   0.2   0.1 1
2008 11  6   0.2   0.1 1
2008 11  7   0.8   0.7 1
2008 11  8   6.4   6.3 1
2008 11  9   7.6   7.4 1
2008 11 10   6.4   6.2 1
2008 11 11   3.7   3.5 1
2008 11 12   5.8   5.6 1
2008 11 13   3.9   3.8 1
2008 11 14   4.0   3.9 1
2008 11 15   7.0   6.8 1
2008 11 16   2.5   2.4 1
2008 11 17  -0.1  -0.3 1
2008 11 18   1.4   1.2 1
2008 11 19   0.2   0.0 1
2008 11 20  -0.9  -1.1 1
2008 11 21  -3.9  -4.1 1
2008 11 22  -3.3  -3.5 1
2008 11 23  -3.6  -3.7 1
2008 11 24  -2.3  -2.5 1
2008 11 25  -2.1  -2.3 1
2008 11 26  -1.6  -1.8 1
2008 11 27   5.9   5.8 1
2008 11 28   5.2   5.0 1
2008 11 29   4.0   3.8 1
2008 11 30   3.1   2.9 1
2008 12  1   1.7   1.6 1
2008 12  2   3.7   3.5 1
2008 12  3   2.5   2.3 1
2008 12  4   0.4   0.3 1
2008 12  5   1.2   1.0 1
2008 12  6   2.2   2.0 1
2008 12  7   0.7   0.5 1
2008 12  8   1.5   1.3 1
2008 12  9   1.8   1.6 1
2008 12 10   0.2   0.0 1
2008 12 11   0.9   0.7 1
2008 12 12   1.5   1.3 1
2008 12 13  -1.7  -1.9 1
2008 12 14   1.6   1.5 1
2008 12 15   1.0   0.8 1
2008 12 16   2.0   1.9 1
2008 12 17   3.9   3.7 1
2008 12 18   3.1   2.9 1
2008 12 19   4.0   3.8 1
2008 12 20   2.4   2.2 1
2008 12 21   0.7   0.5 1
2008 12 22   2.2   2.0 1
2008 12 23  -1.5  -1.7 1
2008 12 24  -3.8  -4.0 1
2008 12 25  -3.6  -3.7 1
2008 12 26  -2.3  -2.4 1
2008 12 27  -3.5  -3.6 1
2008 12 28  -5.4  -5.6 1
2008 12 29  -6.3  -6.5 1
2008 12 30  -4.8  -5.0 1
2008 12 31  -5.2  -5.4 1
2009  1  1  -6.6  -6.8 1
2009  1  2  -7.6  -7.8 1
2009  1  3  -6.8  -7.0 1
2009  1  4 -13.1 -13.3 1
2009  1  5 -10.3 -10.5 1
2009  1  6  -3.1  -3.2 1
2009  1  7  -7.3  -7.5 1
2009  1  8  -5.1  -5.2 1
2009  1  9   2.9   2.7 1
2009  1 10   1.5   1.3 1
2009  1 11   2.9   2.7 1
2009  1 12   5.4   5.2 1
2009  1 13   5.0   4.8 1
2009  1 14   1.8   1.6 1
2009  1 15  -3.8  -4.0 1
2009  1 16  -9.4  -9.6 1
2009  1 17  -7.5  -7.7 1
2009  1 18  -1.6  -1.8 1
2009  1 19  -0.5  -0.7 1
2009  1 20   0.8   0.6 1
2009  1 21   0.1  -0.2 1
2009  1 22  -0.3  -0.5 1
2009  1 23   0.1  -0.1 1
2009  1 24   1.0   0.8 1
2009  1 25   0.9   0.6 1
2009  1 26   0.5   0.3 1
2009  1 27  -0.6  -0.8 1
2009  1 28   0.1  -0.2 1
2009  1 29  -2.4  -2.6 1
2009  1 30  -2.1  -2.4 1
2009  1 31  -3.2  -3.4 1
2009  2  1  -5.4  -5.6 1
2009  2  2  -5.3  -5.5 1
2009  2  3  -6.2  -6.4 1
2009  2  4  -1.7  -2.0 1
2009  2  5  -1.0  -1.2 1
2009  2  6  -0.1  -0.3 1
2009  2  7  -1.2  -1.5 1
2009  2  8  -0.4  -0.7 1
2009  2  9  -4.3  -4.5 1
2009  2 10  -4.4  -4.7 1
2009  2 11  -3.1  -3.4 1
2009  2 12  -3.5  -3.8 1
2009  2 13  -6.2  -6.4 1
2009  2 14  -7.2  -7.5 1
2009  2 15  -4.4  -4.7 1
2009  2 16  -4.8  -5.1 1
2009  2 17  -4.8  -5.1 1
2009  2 18  -5.4  -5.7 1
2009  2 19  -6.1  -6.4 1
2009  2 20  -6.7  -7.1 1
2009  2 21  -7.1  -7.4 1
2009  2 22  -0.5  -0.9 1
2009  2 23  -1.6  -2.1 1
2009  2 24  -1.2  -1.7 1
2009  2 25   0.2  -0.2 1
2009  2 26   1.1   0.6 1
2009  2 27  -0.9  -1.4 1
2009  2 28  -4.5  -5.0 1
2009  3  1  -6.6  -7.1 1
2009  3  2  -0.2  -0.8 1
2009  3  3   1.3   0.7 1
2009  3  4   2.1   1.5 1
2009  3  5   1.0   0.4 1
2009  3  6   0.8   0.2 1
2009  3  7   0.6   0.0 1
2009  3  8   0.6  -0.1 1
2009  3  9   0.9   0.2 1
2009  3 10  -0.9  -1.5 1
2009  3 11  -1.8  -2.5 1
2009  3 12  -1.2  -1.9 1
2009  3 13   1.0   0.3 1
2009  3 14   1.1   0.4 1
2009  3 15   1.8   1.1 1
2009  3 16   0.7   0.1 1
2009  3 17   3.4   2.8 1
2009  3 18   1.4   0.7 1
2009  3 19  -1.2  -1.9 1
2009  3 20   2.2   1.6 1
2009  3 21   3.5   2.9 1
2009  3 22  -0.3  -0.9 1
2009  3 23  -1.4  -2.0 1
2009  3 24  -3.7  -4.2 1
2009  3 25  -4.2  -4.8 1
2009  3 26  -1.6  -2.2 1
2009  3 27  -0.9  -1.5 1
2009  3 28   2.0   1.5 1
2009  3 29   2.1   1.6 1
2009  3 30   3.5   3.0 1
2009  3 31   6.3   5.8 1
2009  4  1   5.5   5.0 1
2009  4  2   7.3   6.8 1
2009  4  3   8.2   7.8 1
2009  4  4   9.0   8.6 1
2009  4  5   6.8   6.4 1
2009  4  6   7.8   7.5 1
2009  4  7   4.0   3.7 1
2009  4  8   4.4   4.1 1
2009  4  9   6.7   6.4 1
2009  4 10   9.4   9.1 1
2009  4 11  11.5  11.2 1
2009  4 12   9.5   9.2 1
2009  4 13   6.9   6.7 1
2009  4 14   8.7   8.4 1
2009  4 15   6.1   5.8 1
2009  4 16   4.9   4.7 1
2009  4 17   7.4   7.1 1
2009  4 18   3.0   2.7 1
2009  4 19   6.2   5.9 1
2009  4 20   4.4   4.1 1
2009  4 21   2.2   1.9 1
2009  4 22   6.1   5.8 1
2009  4 23   9.0   8.7 1
2009  4 24  12.4  12.1 1
2009  4 25  13.4  13.1 1
2009  4 26  14.2  13.9 1
2009  4 27  14.2  13.8 1
2009  4 28  13.4  13.1 1
2009  4 29   7.7   7.3 1
2009  4 30   9.1   8.8 1
2009  5  1  10.5  10.2 1
2009  5  2  13.5  13.2 1
2009  5  3  12.9  12.5 1
2009  5  4   8.8   8.4 1
2009  5  5   7.8   7.4 1
2009  5  6   8.2   7.8 1
2009  5  7   9.4   9.0 1
2009  5  8  10.9  10.4 1
2009  5  9  11.3  10.9 1
2009  5 10  11.2  10.8 1
2009  5 11   9.2   8.8 1
2009  5 12   8.4   8.0 1
2009  5 13  10.1   9.6 1
2009  5 14   8.0   7.6 1
2009  5 15   9.2   8.8 1
2009  5 16  10.2   9.8 1
2009  5 17  10.6  10.1 1
2009  5 18   8.8   8.3 1
2009  5 19  10.9  10.5 1
2009  5 20  12.4  11.9 1
2009  5 21  12.7  12.2 1
2009  5 22  10.7  10.2 1
2009  5 23  11.6  11.1 1
2009  5 24  12.7  12.3 1
2009  5 25  16.4  16.0 1
2009  5 26  16.3  15.9 1
2009  5 27  14.0  13.6 1
2009  5 28   9.7   9.3 1
2009  5 29  13.9  13.5 1
2009  5 30  17.7  17.3 1
2009  5 31  19.2  18.8 1
2009  6  1  18.0  17.6 1
2009  6  2   9.3   8.9 1
2009  6  3   9.7   9.3 1
2009  6  4   6.1   5.7 1
2009  6  5   7.1   6.7 1
2009  6  6   7.7   7.4 1
2009  6  7  10.2   9.9 1
2009  6  8  10.1   9.7 1
2009  6  9  11.6  11.2 1
2009  6 10  10.3   9.9 1
2009  6 11  13.8  13.4 1
2009  6 12  11.6  11.2 1
2009  6 13  10.9  10.5 1
2009  6 14   9.6   9.3 1
2009  6 15   9.6   9.2 1
2009  6 16  11.9  11.5 1
2009  6 17  12.7  12.3 1
2009  6 18  11.8  11.4 1
2009  6 19  10.9  10.5 1
2009  6 20  11.8  11.5 1
2009  6 21  14.3  14.0 1
2009  6 22  16.6  16.3 1
2009  6 23  18.9  18.5 1
2009  6 24  18.7  18.3 1
2009  6 25  19.3  18.9 1
2009  6 26  20.0  19.6 1
2009  6 27  21.0  20.6 1
2009  6 28  22.4  22.0 1
2009  6 29  22.5  22.2 1
2009  6 30  21.3  21.0 1
2009  7  1  21.9  21.6 1
2009  7  2  23.3  23.0 1
2009  7  3  20.0  19.6 1
2009  7  4  17.5  17.1 1
2009  7  5  14.0  13.7 1
2009  7  6  13.6  13.3 1
2009  7  7  13.9  13.6 1
2009  7  8  16.2  15.9 1
2009  7  9  13.2  12.9 1
2009  7 10  14.8  14.5 1
2009  7 11  16.4  16.0 1
2009  7 12  16.3  16.0 1
2009  7 13  17.7  17.4 1
2009  7 14  17.4  17.0 1
2009  7 15  19.8  19.5 1
2009  7 16  19.8  19.5 1
2009  7 17  20.0  19.7 1
2009  7 18  20.1  19.8 1
2009  7 19  18.5  18.2 1
2009  7 20  17.4  17.1 1
2009  7 21  15.7  15.4 1
2009  7 22  17.3  17.0 1
2009  7 23  18.8  18.5 1
2009  7 24  18.1  17.9 1
2009  7 25  17.3  17.0 1
2009  7 26  15.7  15.5 1
2009  7 27  16.8  16.6 1
2009  7 28  18.2  18.0 1
2009  7 29  17.5  17.3 1
2009  7 30  17.4  17.2 1
2009  7 31  16.0  15.8 1
2009  8  1  16.5  16.3 1
2009  8  2  17.3  17.1 1
2009  8  3  18.0  17.8 1
2009  8  4  18.8  18.6 1
2009  8  5  20.0  19.9 1
2009  8  6  20.9  20.8 1
2009  8  7  20.1  20.0 1
2009  8  8  20.4  20.3 1
2009  8  9  20.4  20.4 1
2009  8 10  19.7  19.6 1
2009  8 11  17.4  17.4 1
2009  8 12  16.1  16.0 1
2009  8 13  13.8  13.8 1
2009  8 14  13.9  13.8 1
2009  8 15  14.7  14.6 1
2009  8 16  17.5  17.5 1
2009  8 17  15.6  15.6 1
2009  8 18  13.6  13.6 1
2009  8 19  13.1  13.1 1
2009  8 20  16.9  16.9 1
2009  8 21  17.5  17.6 1
2009  8 22  15.7  15.8 1
2009  8 23  15.1  15.1 1
2009  8 24  15.3  15.2 1
2009  8 25  17.0  17.0 1
2009  8 26  15.8  15.8 1
2009  8 27  17.6  17.6 1
2009  8 28  19.3  19.3 1
2009  8 29  15.6  15.5 1
2009  8 30  14.4  14.4 1
2009  8 31  15.2  15.2 1
2009  9  1  18.8  18.9 1
2009  9  2  16.2  16.2 1
2009  9  3  15.9  15.9 1
2009  9  4  14.8  14.8 1
2009  9  5  15.0  15.0 1
2009  9  6  12.4  12.5 1
2009  9  7  14.8  14.8 1
2009  9  8  17.0  17.1 1
2009  9  9  18.5  18.5 1
2009  9 10  13.0  13.1 1
2009  9 11  12.3  12.4 1
2009  9 12  13.3  13.4 1
2009  9 13  11.8  11.9 1
2009  9 14  11.2  11.4 1
2009  9 15  11.8  11.9 1
2009  9 16  10.5  10.7 1
2009  9 17  10.0  10.1 1
2009  9 18  11.9  12.0 1
2009  9 19  13.8  13.9 1
2009  9 20  14.3  14.4 1
2009  9 21  12.9  13.0 1
2009  9 22  14.0  14.1 1
2009  9 23  13.3  13.4 1
2009  9 24   9.4   9.5 1
2009  9 25  11.6  11.7 1
2009  9 26  14.7  14.8 1
2009  9 27  14.2  14.4 1
2009  9 28  10.7  10.8 1
2009  9 29   6.2   6.2 1
2009  9 30   6.4   6.5 1
2009 10  1   3.0   3.1 1
2009 10  2   3.6   3.6 1
2009 10  3   5.3   5.3 1
2009 10  4   7.4   7.5 1
2009 10  5   5.3   5.4 1
2009 10  6   5.2   5.2 1
2009 10  7  10.6  10.6 1
2009 10  8   6.3   6.4 1
2009 10  9   4.9   5.0 1
2009 10 10   1.7   1.8 1
2009 10 11   3.2   3.3 1
2009 10 12   4.1   4.1 1
2009 10 13   1.9   1.9 1
2009 10 14   1.8   1.7 1
2009 10 15   3.3   3.3 1
2009 10 16   3.7   3.7 1
2009 10 17   4.3   4.3 1
2009 10 18   3.1   3.0 1
2009 10 19   3.1   3.1 1
2009 10 20   1.7   1.6 1
2009 10 21   5.3   5.2 1
2009 10 22   6.4   6.3 1
2009 10 23   5.3   5.2 1
2009 10 24   5.5   5.4 1
2009 10 25   6.3   6.2 1
2009 10 26   8.2   8.1 1
2009 10 27   6.6   6.5 1
2009 10 28   3.8   3.7 1
2009 10 29   3.0   2.9 1
2009 10 30   3.4   3.3 1
2009 10 31   3.4   3.3 1
2009 11  1   5.1   5.0 1
2009 11  2   6.0   5.9 1
2009 11  3   5.8   5.7 1
2009 11  4   2.2   2.1 1
2009 11  5   2.3   2.1 1
2009 11  6   5.5   5.4 1
2009 11  7   6.4   6.2 1
2009 11  8   5.3   5.2 1
2009 11  9   2.7   2.5 1
2009 11 10   2.9   2.8 1
2009 11 11   1.5   1.4 1
2009 11 12   0.1   0.0 1
2009 11 13  -0.4  -0.6 1
2009 11 14   3.5   3.3 1
2009 11 15   7.3   7.2 1
2009 11 16   6.5   6.4 1
2009 11 17   6.6   6.4 1
2009 11 18   6.7   6.5 1
2009 11 19   4.6   4.5 1
2009 11 20   9.7   9.5 1
2009 11 21   8.2   8.1 1
2009 11 22   5.6   5.4 1
2009 11 23   7.1   6.9 1
2009 11 24   6.2   6.0 1
2009 11 25   5.8   5.6 1
2009 11 26   6.8   6.6 1
2009 11 27   5.7   5.6 1
2009 11 28   4.6   4.4 1
2009 11 29   2.9   2.8 1
2009 11 30   5.8   5.6 1
2009 12  1   0.7   0.6 1
2009 12  2  -5.4  -5.6 1
2009 12  3  -2.3  -2.5 1
2009 12  4   1.7   1.5 1
2009 12  5   3.2   3.0 1
2009 12  6   3.0   2.8 1
2009 12  7   3.4   3.3 1
2009 12  8   3.3   3.1 1
2009 12  9   3.4   3.2 1
2009 12 10   2.3   2.2 1
2009 12 11   1.4   1.2 1
2009 12 12   0.8   0.6 1
2009 12 13   1.0   0.8 1
2009 12 14  -2.3  -2.5 1
2009 12 15  -2.8  -3.0 1
2009 12 16  -4.4  -4.6 1
2009 12 17  -6.9  -7.1 1
2009 12 18 -12.1 -12.2 1
2009 12 19  -9.7  -9.9 1
2009 12 20  -5.6  -5.8 1
2009 12 21 -10.2 -10.3 1
2009 12 22 -11.4 -11.5 1
2009 12 23  -3.2  -3.4 1
2009 12 24  -3.9  -4.1 1
2009 12 25   0.3   0.1 1
2009 12 26  -2.5  -2.7 1
2009 12 27  -7.8  -7.9 1
2009 12 28  -0.9  -1.0 1
2009 12 29 -11.1 -11.3 1
2009 12 30 -13.0 -13.2 1
2009 12 31  -8.6  -8.8 1
2010  1  1  -6.8  -7.0 1
2010  1  2  -8.5  -8.7 1
2010  1  3 -11.9 -12.1 1
2010  1  4  -9.4  -9.6 1
2010  1  5 -17.2 -17.4 1
2010  1  6 -19.8 -20.0 1
2010  1  7 -11.2 -11.4 1
2010  1  8 -13.9 -14.1 1
2010  1  9 -16.0 -16.1 1
2010  1 10 -14.1 -14.2 1
2010  1 11 -13.6 -13.8 1
2010  1 12 -10.9 -11.1 1
2010  1 13 -11.5 -11.7 1
2010  1 14  -9.1  -9.2 1
2010  1 15  -3.6  -3.7 1
2010  1 16  -2.1  -2.2 1
2010  1 17  -2.4  -2.6 1
2010  1 18  -2.2  -2.4 1
2010  1 19  -2.2  -2.4 1
2010  1 20  -3.2  -3.4 1
2010  1 21  -3.5  -3.7 1
2010  1 22  -4.3  -4.5 1
2010  1 23  -5.2  -5.4 1
2010  1 24  -6.3  -6.5 1
2010  1 25  -6.5  -6.7 1
2010  1 26  -8.3  -8.5 1
2010  1 27  -5.8  -6.1 1
2010  1 28  -5.8  -6.0 1
2010  1 29 -10.5 -10.8 1
2010  1 30 -11.9 -12.2 1
2010  1 31 -11.6 -11.8 1
2010  2  1  -5.0  -5.2 1
2010  2  2  -5.8  -6.0 1
2010  2  3  -1.9  -2.2 1
2010  2  4  -0.8  -1.1 1
2010  2  5  -2.7  -3.0 1
2010  2  6  -1.9  -2.1 1
2010  2  7  -6.6  -6.8 1
2010  2  8  -7.8  -8.1 1
2010  2  9  -4.2  -4.5 1
2010  2 10  -5.1  -5.4 1
2010  2 11  -8.2  -8.5 1
2010  2 12  -5.3  -5.6 1
2010  2 13  -5.4  -5.7 1
2010  2 14  -6.7  -7.0 1
2010  2 15  -9.6  -9.9 1
2010  2 16  -7.4  -7.8 1
2010  2 17  -5.6  -5.9 1
2010  2 18  -7.2  -7.6 1
2010  2 19  -9.9 -10.3 1
2010  2 20 -13.7 -14.1 1
2010  2 21 -15.2 -15.6 1
2010  2 22 -18.7 -19.1 1
2010  2 23 -12.6 -13.0 1
2010  2 24 -11.0 -11.5 1
2010  2 25  -6.0  -6.4 1
2010  2 26   0.0  -0.5 1
2010  2 27   0.6   0.1 1
2010  2 28  -1.0  -1.5 1
2010  3  1  -3.5  -4.0 1
2010  3  2  -5.7  -6.3 1
2010  3  3  -6.0  -6.6 1
2010  3  4  -5.9  -6.4 1
2010  3  5  -7.6  -8.1 1
2010  3  6  -9.1  -9.7 1
2010  3  7  -7.5  -8.2 1
2010  3  8  -0.1  -0.8 1
2010  3  9   0.0  -0.7 1
2010  3 10   0.8   0.1 1
2010  3 11  -0.7  -1.4 1
2010  3 12   0.1  -0.6 1
2010  3 13  -1.3  -2.0 1
2010  3 14  -2.5  -3.3 1
2010  3 15  -3.2  -3.9 1
2010  3 16  -4.6  -5.3 1
2010  3 17  -1.2  -1.9 1
2010  3 18   2.2   1.6 1
2010  3 19   4.0   3.3 1
2010  3 20   5.2   4.6 1
2010  3 21  -1.0  -1.6 1
2010  3 22  -1.7  -2.3 1
2010  3 23   0.1  -0.5 1
2010  3 24   0.3  -0.3 1
2010  3 25   1.1   0.6 1
2010  3 26   3.1   2.6 1
2010  3 27   2.4   1.9 1
2010  3 28   1.3   0.8 1
2010  3 29   2.7   2.2 1
2010  3 30   2.3   1.8 1
2010  3 31   1.8   1.2 1
2010  4  1   3.5   3.0 1
2010  4  2   2.8   2.3 1
2010  4  3   3.7   3.3 1
2010  4  4   1.1   0.7 1
2010  4  5   0.8   0.4 1
2010  4  6   3.7   3.3 1
2010  4  7   6.1   5.7 1
2010  4  8   7.3   7.0 1
2010  4  9   4.7   4.4 1
2010  4 10   2.3   2.0 1
2010  4 11   4.0   3.7 1
2010  4 12   6.3   6.0 1
2010  4 13   7.0   6.7 1
2010  4 14   6.8   6.5 1
2010  4 15   8.3   8.0 1
2010  4 16   5.6   5.3 1
2010  4 17   6.0   5.7 1
2010  4 18   4.4   4.2 1
2010  4 19   4.1   3.8 1
2010  4 20   4.2   3.9 1
2010  4 21   2.0   1.7 1
2010  4 22   0.8   0.5 1
2010  4 23   4.8   4.5 1
2010  4 24   6.2   5.8 1
2010  4 25   8.1   7.7 1
2010  4 26  10.2   9.8 1
2010  4 27   9.8   9.5 1
2010  4 28   6.7   6.3 1
2010  4 29  11.7  11.4 1
2010  4 30  12.7  12.3 1
2010  5  1  10.1   9.7 1
2010  5  2   6.8   6.5 1
2010  5  3   7.0   6.6 1
2010  5  4   6.4   6.0 1
2010  5  5   5.2   4.8 1
2010  5  6   7.6   7.2 1
2010  5  7   7.8   7.4 1
2010  5  8   5.4   5.0 1
2010  5  9   7.6   7.2 1
2010  5 10   6.9   6.5 1
2010  5 11   8.9   8.5 1
2010  5 12  10.2   9.8 1
2010  5 13  12.9  12.5 1
2010  5 14  14.1  13.7 1
2010  5 15  18.1  17.6 1
2010  5 16  12.7  12.3 1
2010  5 17  15.0  14.6 1
2010  5 18  16.6  16.1 1
2010  5 19  16.8  16.4 1
2010  5 20  18.4  18.0 1
2010  5 21  16.5  16.1 1
2010  5 22  17.6  17.2 1
2010  5 23  10.1   9.6 1
2010  5 24  10.9  10.5 1
2010  5 25   9.4   9.0 1
2010  5 26  11.3  10.9 1
2010  5 27  11.0  10.6 1
2010  5 28  11.4  11.0 1
2010  5 29   9.2   8.8 1
2010  5 30  12.0  11.6 1
2010  5 31  13.5  13.1 1
2010  6  1  13.3  12.9 1
2010  6  2  15.7  15.3 1
2010  6  3  17.2  16.8 1
2010  6  4  14.1  13.7 1
2010  6  5  13.1  12.7 1
2010  6  6  14.4  14.0 1
2010  6  7  13.8  13.5 1
2010  6  8  14.2  13.9 1
2010  6  9  14.8  14.4 1
2010  6 10  14.7  14.3 1
2010  6 11  13.0  12.6 1
2010  6 12  12.3  11.9 1
2010  6 13  13.8  13.4 1
2010  6 14  11.5  11.1 1
2010  6 15  10.0   9.7 1
2010  6 16  13.7  13.3 1
2010  6 17  16.6  16.3 1
2010  6 18  13.5  13.1 1
2010  6 19  13.9  13.6 1
2010  6 20  12.9  12.5 1
2010  6 21  13.7  13.3 1
2010  6 22  17.3  16.9 1
2010  6 23  16.9  16.5 1
2010  6 24  18.6  18.3 1
2010  6 25  18.7  18.3 1
2010  6 26  16.0  15.6 1
2010  6 27  17.6  17.3 1
2010  6 28  20.2  19.9 1
2010  6 29  21.3  21.0 1
2010  6 30  19.6  19.3 1
2010  7  1  16.8  16.5 1
2010  7  2  20.0  19.6 1
2010  7  3  23.2  22.8 1
2010  7  4  23.2  22.9 1
2010  7  5  21.1  20.8 1
2010  7  6  17.7  17.3 1
2010  7  7  19.9  19.6 1
2010  7  8  21.0  20.6 1
2010  7  9  21.5  21.1 1
2010  7 10  23.1  22.8 1
2010  7 11  25.2  24.9 1
2010  7 12  25.8  25.4 1
2010  7 13  26.2  25.9 1
2010  7 14  22.5  22.2 1
2010  7 15  23.9  23.5 1
2010  7 16  23.0  22.7 1
2010  7 17  22.9  22.5 1
2010  7 18  20.4  20.1 1
2010  7 19  20.0  19.7 1
2010  7 20  22.2  21.9 1
2010  7 21  22.9  22.6 1
2010  7 22  21.5  21.3 1
2010  7 23  15.0  14.7 1
2010  7 24  14.8  14.5 1
2010  7 25  16.1  15.9 1
2010  7 26  17.3  17.1 1
2010  7 27  19.3  19.1 1
2010  7 28  19.2  19.0 1
2010  7 29  17.4  17.2 1
2010  7 30  18.8  18.6 1
2010  7 31  17.1  16.9 1
2010  8  1  19.7  19.5 1
2010  8  2  15.9  15.7 1
2010  8  3  17.6  17.4 1
2010  8  4  16.0  15.8 1
2010  8  5  18.4  18.3 1
2010  8  6  18.8  18.6 1
2010  8  7  17.7  17.6 1
2010  8  8  17.2  17.1 1
2010  8  9  17.7  17.6 1
2010  8 10  17.3  17.3 1
2010  8 11  18.7  18.6 1
2010  8 12  20.3  20.3 1
2010  8 13  22.0  21.9 1
2010  8 14  23.2  23.2 1
2010  8 15  19.1  19.1 1
2010  8 16  17.7  17.7 1
2010  8 17  17.7  17.7 1
2010  8 18  17.2  17.2 1
2010  8 19  15.9  15.9 1
2010  8 20  14.3  14.3 1
2010  8 21  17.3  17.3 1
2010  8 22  16.9  16.9 1
2010  8 23  16.9  16.9 1
2010  8 24  14.9  14.9 1
2010  8 25  13.1  13.1 1
2010  8 26  12.2  12.2 1
2010  8 27  12.0  12.0 1
2010  8 28  11.1  11.1 1
2010  8 29  10.9  10.9 1
2010  8 30  11.1  11.1 1
2010  8 31  12.1  12.1 1
2010  9  1  10.8  10.8 1
2010  9  2   9.6   9.6 1
2010  9  3   8.6   8.6 1
2010  9  4   9.0   9.1 1
2010  9  5   9.7   9.7 1
2010  9  6  12.8  12.8 1
2010  9  7  11.9  12.0 1
2010  9  8  12.4  12.5 1
2010  9  9  13.5  13.6 1
2010  9 10  13.3  13.4 1
2010  9 11  14.2  14.3 1
2010  9 12  16.5  16.6 1
2010  9 13  13.9  14.0 1
2010  9 14  12.8  12.9 1
2010  9 15  12.3  12.5 1
2010  9 16  11.1  11.3 1
2010  9 17  11.9  12.0 1
2010  9 18  10.0  10.2 1
2010  9 19   9.5   9.6 1
2010  9 20   9.3   9.4 1
2010  9 21  11.0  11.1 1
2010  9 22  10.3  10.4 1
2010  9 23  12.5  12.6 1
2010  9 24  14.4  14.6 1
2010  9 25  11.8  11.9 1
2010  9 26  10.1  10.2 1
2010  9 27   9.1   9.2 1
2010  9 28   7.9   8.0 1
2010  9 29   7.0   7.1 1
2010  9 30   5.7   5.8 1
2010 10  1   5.8   5.9 1
2010 10  2   5.9   6.0 1
2010 10  3   8.3   8.4 1
2010 10  4  10.6  10.7 1
2010 10  5   9.7   9.8 1
2010 10  6  10.6  10.7 1
2010 10  7   9.6   9.7 1
2010 10  8   9.1   9.2 1
2010 10  9   8.3   8.4 1
2010 10 10   6.3   6.3 1
2010 10 11   4.3   4.4 1
2010 10 12   5.0   5.1 1
2010 10 13   4.9   4.9 1
2010 10 14   5.6   5.6 1
2010 10 15   1.7   1.7 1
2010 10 16   0.6   0.5 1
2010 10 17   3.4   3.3 1
2010 10 18   5.6   5.5 1
2010 10 19   6.6   6.5 1
2010 10 20   3.0   3.0 1
2010 10 21  -0.5  -0.5 1
2010 10 22   0.1   0.0 1
2010 10 23   1.7   1.6 1
2010 10 24   0.4   0.3 1
2010 10 25   0.2   0.1 1
2010 10 26   0.3   0.2 1
2010 10 27   3.1   3.1 1
2010 10 28   8.3   8.2 1
2010 10 29   7.7   7.6 1
2010 10 30   9.3   9.2 1
2010 10 31   8.4   8.3 1
2010 11  1   6.8   6.7 1
2010 11  2   3.8   3.7 1
2010 11  3   7.5   7.4 1
2010 11  4   5.1   5.0 1
2010 11  5   1.5   1.3 1
2010 11  6   0.6   0.5 1
2010 11  7  -1.7  -1.9 1
2010 11  8  -4.1  -4.2 1
2010 11  9   0.3   0.2 1
2010 11 10   0.5   0.3 1
2010 11 11   0.2   0.0 1
2010 11 12   2.1   2.0 1
2010 11 13   1.9   1.8 1
2010 11 14   3.4   3.2 1
2010 11 15   1.9   1.7 1
2010 11 16  -1.6  -1.7 1
2010 11 17  -4.0  -4.1 1
2010 11 18  -0.3  -0.5 1
2010 11 19  -0.2  -0.4 1
2010 11 20  -0.2  -0.4 1
2010 11 21   0.8   0.6 1
2010 11 22  -0.6  -0.8 1
2010 11 23  -0.9  -1.1 1
2010 11 24  -2.0  -2.1 1
2010 11 25  -3.9  -4.1 1
2010 11 26  -7.0  -7.2 1
2010 11 27  -7.6  -7.8 1
2010 11 28  -9.5  -9.7 1
2010 11 29 -11.8 -12.0 1
2010 11 30 -11.9 -12.1 1
2010 12  1 -15.8 -16.0 1
2010 12  2 -11.5 -11.7 1
2010 12  3  -5.8  -6.0 1
2010 12  4  -8.2  -8.4 1
2010 12  5  -2.2  -2.3 1
2010 12  6  -2.0  -2.1 1
2010 12  7  -9.0  -9.1 1
2010 12  8  -9.3  -9.5 1
2010 12  9  -5.3  -5.5 1
2010 12 10  -8.6  -8.8 1
2010 12 11  -5.0  -5.1 1
2010 12 12  -9.4  -9.5 1
2010 12 13  -7.1  -7.3 1
2010 12 14  -5.0  -5.2 1
2010 12 15  -7.8  -7.9 1
2010 12 16  -4.0  -4.2 1
2010 12 17  -1.2  -1.4 1
2010 12 18  -4.6  -4.7 1
2010 12 19  -7.4  -7.6 1
2010 12 20  -8.0  -8.2 1
2010 12 21 -13.8 -13.9 1
2010 12 22 -21.2 -21.4 1
2010 12 23 -15.8 -16.0 1
2010 12 24 -13.2 -13.3 1
2010 12 25  -5.4  -5.6 1
2010 12 26  -5.6  -5.8 1
2010 12 27  -6.3  -6.5 1
2010 12 28  -6.0  -6.2 1
2010 12 29  -5.6  -5.7 1
2010 12 30  -7.4  -7.5 1
2010 12 31  -5.3  -5.5 1
2011  1  1  -2.3  -2.4 1
2011  1  2  -4.3  -4.5 1
2011  1  3  -7.2  -7.4 1
2011  1  4 -11.4 -11.6 1
2011  1  5  -2.1  -2.3 1
2011  1  6  -1.6  -1.8 1
2011  1  7  -1.0  -1.2 1
2011  1  8  -2.8  -3.0 1
2011  1  9   1.6   1.4 1
2011  1 10   2.0   1.9 1
2011  1 11  -0.2  -0.4 1
2011  1 12  -1.2  -1.4 1
2011  1 13  -6.8  -6.9 1
2011  1 14 -10.3 -10.5 1
2011  1 15  -6.9  -7.1 1
2011  1 16   1.3   1.2 1
2011  1 17   3.7   3.5 1
2011  1 18   2.2   2.0 1
2011  1 19  -1.7  -1.9 1
2011  1 20  -3.3  -3.5 1
2011  1 21  -2.2  -2.4 1
2011  1 22  -0.9  -1.1 1
2011  1 23  -5.6  -5.8 1
2011  1 24  -0.7  -0.9 1
2011  1 25  -2.9  -3.1 1
2011  1 26  -7.9  -8.1 1
2011  1 27  -8.4  -8.6 1
2011  1 28  -4.6  -4.8 1
2011  1 29   0.7   0.4 1
2011  1 30   0.0  -0.2 1
2011  1 31  -0.7  -0.9 1
2011  2  1   2.0   1.7 1
2011  2  2   2.0   1.7 1
2011  2  3   2.4   2.1 1
2011  2  4   0.2  -0.1 1
2011  2  5  -0.5  -0.7 1
2011  2  6  -0.3  -0.5 1
2011  2  7  -0.2  -0.4 1
2011  2  8  -0.1  -0.4 1
2011  2  9  -3.8  -4.1 1
2011  2 10  -3.3  -3.6 1
2011  2 11  -5.1  -5.4 1
2011  2 12  -7.7  -7.9 1
2011  2 13  -9.3  -9.6 1
2011  2 14 -16.1 -16.4 1
2011  2 15 -13.6 -13.9 1
2011  2 16  -7.3  -7.6 1
2011  2 17  -7.2  -7.5 1
2011  2 18 -12.9 -13.3 1
2011  2 19 -17.4 -17.8 1
2011  2 20 -12.7 -13.0 1
2011  2 21  -8.3  -8.7 1
2011  2 22 -11.1 -11.5 1
2011  2 23 -15.7 -16.1 1
2011  2 24 -13.1 -13.5 1
2011  2 25  -2.8  -3.2 1
2011  2 26   0.0  -0.5 1
2011  2 27  -2.0  -2.5 1
2011  2 28  -3.5  -4.0 1
2011  3  1  -4.8  -5.3 1
2011  3  2  -3.1  -3.6 1
2011  3  3   0.6   0.1 1
2011  3  4   0.0  -0.5 1
2011  3  5   1.1   0.6 1
2011  3  6  -2.5  -3.1 1
2011  3  7  -0.6  -1.2 1
2011  3  8   2.4   1.8 1
2011  3  9   1.1   0.5 1
2011  3 10   2.1   1.4 1
2011  3 11   1.0   0.4 1
2011  3 12   2.3   1.6 1
2011  3 13   0.9   0.1 1
2011  3 14   1.3   0.6 1
2011  3 15  -2.0  -2.7 1
2011  3 16  -3.5  -4.1 1
2011  3 17  -2.2  -2.8 1
2011  3 18  -0.6  -1.2 1
2011  3 19   0.7   0.1 1
2011  3 20   1.7   1.1 1
2011  3 21   4.3   3.7 1
2011  3 22   7.4   6.8 1
2011  3 23   5.3   4.7 1
2011  3 24   3.0   2.4 1
2011  3 25  -0.5  -1.0 1
2011  3 26  -1.2  -1.8 1
2011  3 27   0.2  -0.3 1
2011  3 28   0.9   0.3 1
2011  3 29  -0.8  -1.3 1
2011  3 30  -0.5  -1.0 1
2011  3 31   0.4  -0.1 1
2011  4  1   1.5   1.0 1
2011  4  2   5.0   4.6 1
2011  4  3   6.8   6.5 1
2011  4  4   5.5   5.1 1
2011  4  5   6.2   5.8 1
2011  4  6   8.5   8.1 1
2011  4  7   8.2   7.9 1
2011  4  8   5.9   5.6 1
2011  4  9   7.7   7.4 1
2011  4 10   8.1   7.7 1
2011  4 11  10.8  10.5 1
2011  4 12   5.6   5.3 1
2011  4 13   4.9   4.6 1
2011  4 14   7.9   7.7 1
2011  4 15   8.1   7.8 1
2011  4 16  10.9  10.6 1
2011  4 17  11.6  11.3 1
2011  4 18  11.6  11.3 1
2011  4 19   7.8   7.5 1
2011  4 20  10.9  10.6 1
2011  4 21  11.9  11.5 1
2011  4 22  10.6  10.3 1
2011  4 23  10.5  10.1 1
2011  4 24  13.2  12.9 1
2011  4 25  15.4  15.0 1
2011  4 26  10.7  10.4 1
2011  4 27  10.1   9.8 1
2011  4 28  10.4  10.0 1
2011  4 29  10.7  10.4 1
2011  4 30   6.9   6.6 1
2011  5  1   4.5   4.1 1
2011  5  2   3.5   3.2 1
2011  5  3   3.8   3.4 1
2011  5  4   4.6   4.2 1
2011  5  5   6.3   5.9 1
2011  5  6   8.3   7.9 1
2011  5  7  10.9  10.5 1
2011  5  8  13.2  12.8 1
2011  5  9  15.1  14.6 1
2011  5 10  17.7  17.3 1
2011  5 11  16.6  16.1 1
2011  5 12  15.9  15.4 1
2011  5 13  10.3   9.8 1
2011  5 14  12.0  11.5 1
2011  5 15   8.7   8.3 1
2011  5 16   9.2   8.8 1
2011  5 17  10.2   9.8 1
2011  5 18  12.6  12.2 1
2011  5 19  15.0  14.5 1
2011  5 20  13.7  13.3 1
2011  5 21  13.6  13.2 1
2011  5 22  15.0  14.6 1
2011  5 23  13.2  12.8 1
2011  5 24  13.3  12.9 1
2011  5 25  12.5  12.1 1
2011  5 26  13.2  12.8 1
2011  5 27  10.5  10.0 1
2011  5 28  12.0  11.6 1
2011  5 29  12.4  12.0 1
2011  5 30  14.7  14.3 1
2011  5 31  18.5  18.1 1
2011  6  1  14.7  14.3 1
2011  6  2  16.2  15.8 1
2011  6  3  19.5  19.1 1
2011  6  4  20.1  19.7 1
2011  6  5  14.5  14.1 1
2011  6  6  19.1  18.7 1
2011  6  7  22.6  22.2 1
2011  6  8  20.4  20.1 1
2011  6  9  20.8  20.5 1
2011  6 10  22.2  21.9 1
2011  6 11  23.1  22.7 1
2011  6 12  18.5  18.1 1
2011  6 13  15.9  15.5 1
2011  6 14  12.9  12.5 1
2011  6 15  12.4  12.0 1
2011  6 16  14.7  14.4 1
2011  6 17  12.8  12.5 1
2011  6 18  14.4  14.1 1
2011  6 19  11.6  11.2 1
2011  6 20  13.1  12.7 1
2011  6 21  15.6  15.2 1
2011  6 22  15.8  15.4 1
2011  6 23  13.7  13.3 1
2011  6 24  15.1  14.8 1
2011  6 25  14.4  14.0 1
2011  6 26  17.0  16.6 1
2011  6 27  19.3  18.9 1
2011  6 28  21.8  21.4 1
2011  6 29  22.1  21.8 1
2011  6 30  21.0  20.7 1
2011  7  1  20.8  20.4 1
2011  7  2  20.6  20.2 1
2011  7  3  15.2  14.9 1
2011  7  4  15.0  14.6 1
2011  7  5  16.1  15.8 1
2011  7  6  18.4  18.1 1
2011  7  7  20.7  20.4 1
2011  7  8  21.9  21.6 1
2011  7  9  21.0  20.7 1
2011  7 10  20.7  20.4 1
2011  7 11  19.3  19.0 1
2011  7 12  17.1  16.8 1
2011  7 13  14.3  14.0 1
2011  7 14  16.4  16.1 1
2011  7 15  15.9  15.5 1
2011  7 16  15.5  15.2 1
2011  7 17  19.1  18.8 1
2011  7 18  18.7  18.4 1
2011  7 19  19.7  19.4 1
2011  7 20  20.0  19.8 1
2011  7 21  16.9  16.7 1
2011  7 22  22.2  21.9 1
2011  7 23  20.8  20.5 1
2011  7 24  17.8  17.5 1
2011  7 25  17.1  16.9 1
2011  7 26  19.6  19.4 1
2011  7 27  21.8  21.6 1
2011  7 28  20.4  20.2 1
2011  7 29  20.2  20.0 1
2011  7 30  19.6  19.4 1
2011  7 31  19.6  19.4 1
2011  8  1  19.6  19.4 1
2011  8  2  19.0  18.8 1
2011  8  3  19.6  19.5 1
2011  8  4  20.1  20.0 1
2011  8  5  19.8  19.7 1
2011  8  6  20.7  20.6 1
2011  8  7  16.9  16.8 1
2011  8  8  17.0  16.9 1
2011  8  9  15.8  15.7 1
2011  8 10  14.1  14.1 1
2011  8 11  14.0  13.9 1
2011  8 12  13.2  13.2 1
2011  8 13  14.7  14.7 1
2011  8 14  16.8  16.7 1
2011  8 15  18.4  18.4 1
2011  8 16  17.4  17.4 1
2011  8 17  16.5  16.5 1
2011  8 18  15.8  15.8 1
2011  8 19  15.4  15.4 1
2011  8 20  15.1  15.1 1
2011  8 21  15.7  15.7 1
2011  8 22  15.5  15.6 1
2011  8 23  15.5  15.6 1
2011  8 24  15.5  15.5 1
2011  8 25  17.8  17.8 1
2011  8 26  19.5  19.4 1
2011  8 27  20.5  20.5 1
2011  8 28  17.0  17.0 1
2011  8 29  14.3  14.3 1
2011  8 30  13.0  13.0 1
2011  8 31  13.1  13.2 1
2011  9  1  12.7  12.7 1
2011  9  2  13.4  13.4 1
2011  9  3  14.1  14.1 1
2011  9  4  16.8  16.9 1
2011  9  5  18.0  18.1 1
2011  9  6  15.7  15.7 1
2011  9  7  13.8  13.9 1
2011  9  8  11.6  11.6 1
2011  9  9  12.6  12.6 1
2011  9 10  12.7  12.8 1
2011  9 11  15.1  15.2 1
2011  9 12  15.8  15.9 1
2011  9 13  14.3  14.4 1
2011  9 14  14.0  14.1 1
2011  9 15  10.9  11.1 1
2011  9 16  12.1  12.2 1
2011  9 17   9.3   9.4 1
2011  9 18  11.5  11.7 1
2011  9 19  12.7  12.8 1
2011  9 20  13.2  13.4 1
2011  9 21  12.3  12.4 1
2011  9 22  12.6  12.7 1
2011  9 23  10.7  10.8 1
2011  9 24  10.7  10.8 1
2011  9 25  12.5  12.6 1
2011  9 26  14.2  14.3 1
2011  9 27  11.8  11.9 1
2011  9 28  12.6  12.7 1
2011  9 29  16.5  16.6 1
2011  9 30  15.2  15.3 1
2011 10  1  12.1  12.2 1
2011 10  2  12.7  12.8 1
2011 10  3  11.9  12.0 1
2011 10  4  13.4  13.4 1
2011 10  5  11.3  11.4 1
2011 10  6  12.9  13.0 1
2011 10  7   8.5   8.5 1
2011 10  8   6.2   6.2 1
2011 10  9   4.9   5.0 1
2011 10 10   7.4   7.5 1
2011 10 11   5.7   5.8 1
2011 10 12   4.7   4.7 1
2011 10 13   4.8   4.7 1
2011 10 14   3.3   3.3 1
2011 10 15   5.6   5.6 1
2011 10 16   7.0   6.9 1
2011 10 17   6.0   6.0 1
2011 10 18   7.2   7.1 1
2011 10 19   6.2   6.2 1
2011 10 20   3.8   3.7 1
2011 10 21   3.5   3.4 1
2011 10 22  10.8  10.7 1
2011 10 23   8.8   8.8 1
2011 10 24   4.5   4.4 1
2011 10 25   5.3   5.2 1
2011 10 26   6.4   6.3 1
2011 10 27   8.0   7.9 1
2011 10 28   9.0   8.9 1
2011 10 29   6.8   6.6 1
2011 10 30   8.7   8.6 1
2011 10 31   8.2   8.1 1
2011 11  1  11.0  10.9 1
2011 11  2  10.5  10.3 1
2011 11  3   8.8   8.7 1
2011 11  4   8.4   8.3 1
2011 11  5   8.1   8.0 1
2011 11  6   8.2   8.1 1
2011 11  7   6.8   6.7 1
2011 11  8   4.9   4.8 1
2011 11  9   4.5   4.3 1
2011 11 10   6.6   6.5 1
2011 11 11   3.8   3.6 1
2011 11 12   0.0  -0.2 1
2011 11 13   2.0   1.8 1
2011 11 14   4.4   4.2 1
2011 11 15   3.3   3.1 1
2011 11 16   1.2   1.0 1
2011 11 17   0.7   0.5 1
2011 11 18   1.9   1.7 1
2011 11 19   5.0   4.9 1
2011 11 20   3.3   3.1 1
2011 11 21   4.8   4.7 1
2011 11 22   1.4   1.2 1
2011 11 23   5.1   4.9 1
2011 11 24   6.4   6.2 1
2011 11 25   7.9   7.7 1
2011 11 26   4.3   4.1 1
2011 11 27   7.2   7.1 1
2011 11 28   1.7   1.6 1
2011 11 29   5.8   5.6 1
2011 11 30   6.7   6.5 1
2011 12  1   5.5   5.3 1
2011 12  2   2.4   2.2 1
2011 12  3   1.2   1.0 1
2011 12  4   3.6   3.4 1
2011 12  5   0.1  -0.1 1
2011 12  6  -1.1  -1.2 1
2011 12  7   0.1  -0.1 1
2011 12  8  -1.9  -2.1 1
2011 12  9   2.3   2.1 1
2011 12 10   0.3   0.2 1
2011 12 11  -1.6  -1.8 1
2011 12 12   2.2   2.0 1
2011 12 13   3.2   3.0 1
2011 12 14   3.9   3.7 1
2011 12 15   3.2   3.1 1
2011 12 16   2.5   2.3 1
2011 12 17   1.2   1.0 1
2011 12 18   0.4   0.2 1
2011 12 19   0.0  -0.2 1
2011 12 20   0.0  -0.2 1
2011 12 21  -0.2  -0.4 1
2011 12 22  -0.3  -0.4 1
2011 12 23   3.3   3.1 1
2011 12 24   2.1   1.9 1
2011 12 25   4.0   3.8 1
2011 12 26   8.3   8.1 1
2011 12 27   7.2   7.0 1
2011 12 28   1.7   1.5 1
2011 12 29   4.1   3.9 1
2011 12 30  -0.5  -0.7 1
2011 12 31  -4.4  -4.6 1
2012  1  1  -2.4  -2.5 1
2012  1  2   3.8   3.6 1
2012  1  3   2.6   2.4 1
2012  1  4   1.8   1.6 1
2012  1  5  -0.9  -1.1 1
2012  1  6  -3.0  -3.2 1
2012  1  7  -6.1  -6.2 1
2012  1  8  -5.7  -5.9 1
2012  1  9  -7.0  -7.2 1
2012  1 10  -3.2  -3.4 1
2012  1 11   2.0   1.8 1
2012  1 12   1.6   1.4 1
2012  1 13  -0.7  -0.9 1
2012  1 14  -2.0  -2.2 1
2012  1 15  -2.9  -3.0 1
2012  1 16   0.0  -0.1 1
2012  1 17   1.1   0.9 1
2012  1 18   0.5   0.3 1
2012  1 19  -1.0  -1.1 1
2012  1 20  -5.0  -5.2 1
2012  1 21  -5.5  -5.7 1
2012  1 22  -0.7  -0.9 1
2012  1 23  -3.6  -3.8 1
2012  1 24  -3.2  -3.4 1
2012  1 25  -3.9  -4.1 1
2012  1 26  -2.6  -2.8 1
2012  1 27  -2.6  -2.9 1
2012  1 28  -3.1  -3.3 1
2012  1 29  -5.9  -6.1 1
2012  1 30  -8.4  -8.7 1
2012  1 31  -7.1  -7.4 1
2012  2  1  -8.4  -8.6 1
2012  2  2 -11.5 -11.7 1
2012  2  3 -11.8 -12.0 1
2012  2  4 -16.1 -16.3 1
2012  2  5 -11.4 -11.6 1
2012  2  6  -7.8  -8.1 1
2012  2  7  -5.5  -5.8 1
2012  2  8  -6.4  -6.7 1
2012  2  9 -11.2 -11.5 1
2012  2 10 -10.6 -10.9 1
2012  2 11  -3.5  -3.8 1
2012  2 12  -2.2  -2.5 1
2012  2 13  -5.4  -5.7 1
2012  2 14  -1.6  -1.9 1
2012  2 15  -2.6  -2.9 1
2012  2 16  -6.2  -6.5 1
2012  2 17  -2.1  -2.4 1
2012  2 18  -2.1  -2.5 1
2012  2 19   1.4   1.0 1
2012  2 20  -1.5  -1.9 1
2012  2 21   2.2   1.8 1
2012  2 22   1.6   1.2 1
2012  2 23   3.5   3.0 1
2012  2 24   3.4   3.0 1
2012  2 25   1.2   0.7 1
2012  2 26  -1.9  -2.3 1
2012  2 27  -2.4  -2.9 1
2012  2 28   3.2   2.8 1
2012  2 29   4.7   4.2 1
2012  3  1   4.4   3.9 1
2012  3  2   4.1   3.6 1
2012  3  3   0.5   0.0 1
2012  3  4  -3.1  -3.7 1
2012  3  5  -3.6  -4.2 1
2012  3  6  -3.7  -4.3 1
2012  3  7  -1.5  -2.1 1
2012  3  8   0.0  -0.7 1
2012  3  9   3.0   2.4 1
2012  3 10   4.7   4.1 1
2012  3 11   3.9   3.3 1
2012  3 12   8.2   7.5 1
2012  3 13   6.7   5.9 1
2012  3 14   2.0   1.2 1
2012  3 15   3.8   3.0 1
2012  3 16   4.5   3.8 1
2012  3 17   4.7   4.1 1
2012  3 18   4.6   4.0 1
2012  3 19   1.4   0.8 1
2012  3 20   2.5   1.9 1
2012  3 21   8.8   8.2 1
2012  3 22  10.1   9.6 1
2012  3 23   8.4   7.8 1
2012  3 24   8.4   7.9 1
2012  3 25   5.8   5.2 1
2012  3 26   7.4   6.8 1
2012  3 27  10.7  10.1 1
2012  3 28   7.2   6.7 1
2012  3 29   4.8   4.3 1
2012  3 30   2.6   2.1 1
2012  3 31  -0.3  -0.8 1
2012  4  1   0.0  -0.5 1
2012  4  2  -0.1  -0.5 1
2012  4  3   0.4   0.0 1
2012  4  4   2.4   2.1 1
2012  4  5   3.9   3.5 1
2012  4  6   0.5   0.2 1
2012  4  7  -0.9  -1.2 1
2012  4  8   0.7   0.4 1
2012  4  9   3.0   2.7 1
2012  4 10   4.0   3.6 1
2012  4 11   6.6   6.2 1
2012  4 12   7.6   7.3 1
2012  4 13   2.9   2.6 1
2012  4 14   1.2   0.9 1
2012  4 15   3.7   3.4 1
2012  4 16   4.5   4.2 1
2012  4 17   2.4   2.1 1
2012  4 18   3.9   3.6 1
2012  4 19   5.6   5.3 1
2012  4 20   2.1   1.8 1
2012  4 21   4.3   4.0 1
2012  4 22   4.8   4.5 1
2012  4 23   5.9   5.6 1
2012  4 24   7.9   7.6 1
2012  4 25   8.5   8.2 1
2012  4 26   7.9   7.6 1
2012  4 27  11.2  10.9 1
2012  4 28  11.6  11.2 1
2012  4 29   8.9   8.6 1
2012  4 30   8.6   8.2 1
2012  5  1   9.3   9.0 1
2012  5  2  12.2  11.8 1
2012  5  3   8.4   8.1 1
2012  5  4   7.4   7.0 1
2012  5  5   7.7   7.3 1
2012  5  6   7.6   7.2 1
2012  5  7   7.9   7.5 1
2012  5  8   9.3   8.9 1
2012  5  9   8.9   8.5 1
2012  5 10  12.7  12.3 1
2012  5 11  14.0  13.6 1
2012  5 12   8.7   8.2 1
2012  5 13   9.4   8.9 1
2012  5 14  10.6  10.2 1
2012  5 15  12.2  11.7 1
2012  5 16  10.5  10.0 1
2012  5 17  10.9  10.4 1
2012  5 18  10.7  10.3 1
2012  5 19  12.6  12.2 1
2012  5 20  14.8  14.4 1
2012  5 21  14.9  14.5 1
2012  5 22  14.2  13.8 1
2012  5 23  15.0  14.6 1
2012  5 24  17.1  16.7 1
2012  5 25  18.4  18.0 1
2012  5 26  14.5  14.1 1
2012  5 27  16.6  16.2 1
2012  5 28  12.6  12.1 1
2012  5 29   9.6   9.2 1
2012  5 30   9.1   8.7 1
2012  5 31   9.9   9.5 1
2012  6  1   6.4   6.0 1
2012  6  2   5.4   5.0 1
2012  6  3   8.1   7.7 1
2012  6  4  10.1   9.7 1
2012  6  5  12.0  11.6 1
2012  6  6  11.1  10.8 1
2012  6  7  12.9  12.5 1
2012  6  8  14.7  14.3 1
2012  6  9  12.4  12.0 1
2012  6 10  14.6  14.2 1
2012  6 11  13.6  13.2 1
2012  6 12  13.6  13.2 1
2012  6 13  15.2  14.9 1
2012  6 14  15.1  14.7 1
2012  6 15  15.0  14.6 1
2012  6 16  12.0  11.6 1
2012  6 17  13.3  13.0 1
2012  6 18  15.1  14.8 1
2012  6 19  15.9  15.5 1
2012  6 20  15.1  14.7 1
2012  6 21  16.2  15.8 1
2012  6 22  16.0  15.6 1
2012  6 23  14.0  13.6 1
2012  6 24  14.9  14.5 1
2012  6 25  12.1  11.8 1
2012  6 26  14.1  13.7 1
2012  6 27  13.2  12.9 1
2012  6 28  14.1  13.7 1
2012  6 29  16.8  16.4 1
2012  6 30  17.5  17.2 1
2012  7  1  18.5  18.2 1
2012  7  2  16.5  16.2 1
2012  7  3  18.0  17.6 1
2012  7  4  18.0  17.6 1
2012  7  5  18.2  17.9 1
2012  7  6  19.1  18.8 1
2012  7  7  20.6  20.3 1
2012  7  8  18.6  18.3 1
2012  7  9  18.0  17.6 1
2012  7 10  14.6  14.2 1
2012  7 11  15.2  14.9 1
2012  7 12  16.4  16.1 1
2012  7 13  15.8  15.5 1
2012  7 14  16.2  15.8 1
2012  7 15  15.5  15.2 1
2012  7 16  15.3  15.0 1
2012  7 17  14.1  13.8 1
2012  7 18  14.4  14.1 1
2012  7 19  15.6  15.3 1
2012  7 20  14.7  14.4 1
2012  7 21  14.0  13.7 1
2012  7 22  16.1  15.9 1
2012  7 23  16.0  15.8 1
2012  7 24  20.1  19.8 1
2012  7 25  22.2  22.0 1
2012  7 26  17.6  17.4 1
2012  7 27  17.6  17.4 1
2012  7 28  20.5  20.2 1
2012  7 29  19.4  19.2 1
2012  7 30  18.0  17.8 1
2012  7 31  15.9  15.7 1
2012  8  1  15.3  15.1 1
2012  8  2  18.5  18.4 1
2012  8  3  19.5  19.3 1
2012  8  4  17.9  17.8 1
2012  8  5  18.2  18.1 1
2012  8  6  18.0  17.9 1
2012  8  7  16.2  16.1 1
2012  8  8  15.3  15.2 1
2012  8  9  14.0  13.9 1
2012  8 10  14.5  14.4 1
2012  8 11  15.3  15.2 1
2012  8 12  17.0  17.0 1
2012  8 13  16.6  16.5 1
2012  8 14  16.6  16.6 1
2012  8 15  17.7  17.7 1
2012  8 16  16.6  16.6 1
2012  8 17  16.9  16.9 1
2012  8 18  17.5  17.5 1
2012  8 19  18.6  18.6 1
2012  8 20  16.4  16.4 1
2012  8 21  15.9  15.9 1
2012  8 22  15.4  15.5 1
2012  8 23  14.4  14.5 1
2012  8 24  14.3  14.3 1
2012  8 25  14.8  14.8 1
2012  8 26  14.1  14.1 1
2012  8 27  11.6  11.5 1
2012  8 28  11.3  11.3 1
2012  8 29  15.1  15.1 1
2012  8 30  16.6  16.6 1
2012  8 31  14.7  14.7 1
2012  9  1  13.8  13.8 1
2012  9  2  14.1  14.1 1
2012  9  3  15.8  15.8 1
2012  9  4  14.6  14.7 1
2012  9  5  14.5  14.5 1
2012  9  6  10.9  10.9 1
2012  9  7  11.2  11.2 1
2012  9  8  10.6  10.7 1
2012  9  9  10.1  10.2 1
2012  9 10  16.0  16.1 1
2012  9 11  17.2  17.3 1
2012  9 12  12.7  12.8 1
2012  9 13  11.4  11.5 1
2012  9 14  11.2  11.3 1
2012  9 15  12.4  12.5 1
2012  9 16  13.7  13.8 1
2012  9 17  14.0  14.1 1
2012  9 18  11.7  11.8 1
2012  9 19  10.2  10.3 1
2012  9 20   8.8   8.9 1
2012  9 21   7.8   7.9 1
2012  9 22   9.2   9.4 1
2012  9 23   9.3   9.4 1
2012  9 24   7.2   7.3 1
2012  9 25   8.9   9.1 1
2012  9 26  10.9  11.0 1
2012  9 27  12.4  12.5 1
2012  9 28  10.4  10.5 1
2012  9 29   9.7   9.8 1
2012  9 30   9.2   9.3 1
2012 10  1  12.1  12.2 1
2012 10  2  12.3  12.4 1
2012 10  3  11.5  11.6 1
2012 10  4  10.1  10.2 1
2012 10  5   7.2   7.3 1
2012 10  6   6.5   6.5 1
2012 10  7   7.6   7.7 1
2012 10  8   8.0   8.0 1
2012 10  9   5.9   6.0 1
2012 10 10   4.5   4.6 1
2012 10 11   4.2   4.3 1
2012 10 12   2.6   2.7 1
2012 10 13   3.7   3.7 1
2012 10 14   5.4   5.3 1
2012 10 15   7.3   7.3 1
2012 10 16   6.7   6.7 1
2012 10 17   9.2   9.1 1
2012 10 18   9.8   9.7 1
2012 10 19  12.0  12.0 1
2012 10 20   7.8   7.8 1
2012 10 21   7.4   7.3 1
2012 10 22   4.6   4.5 1
2012 10 23   4.4   4.3 1
2012 10 24   3.7   3.6 1
2012 10 25   0.6   0.5 1
2012 10 26  -0.2  -0.2 1
2012 10 27  -0.6  -0.7 1
2012 10 28  -2.6  -2.7 1
2012 10 29   1.3   1.2 1
2012 10 30   2.9   2.8 1
2012 10 31   1.6   1.5 1
2012 11  1   7.0   6.9 1
2012 11  2   7.2   7.1 1
2012 11  3   4.6   4.4 1
2012 11  4   3.2   3.1 1
2012 11  5   2.6   2.5 1
2012 11  6   1.2   1.1 1
2012 11  7   1.9   1.8 1
2012 11  8   0.3   0.2 1
2012 11  9  -1.7  -1.9 1
2012 11 10   6.2   6.0 1
2012 11 11   7.3   7.2 1
2012 11 12   4.1   3.9 1
2012 11 13   1.5   1.3 1
2012 11 14   8.7   8.5 1
2012 11 15   5.8   5.6 1
2012 11 16   5.9   5.7 1
2012 11 17   6.5   6.3 1
2012 11 18   4.8   4.6 1
2012 11 19   4.1   3.9 1
2012 11 20   5.9   5.7 1
2012 11 21   7.0   6.8 1
2012 11 22   6.2   6.0 1
2012 11 23   6.3   6.2 1
2012 11 24   5.2   5.0 1
2012 11 25   0.7   0.6 1
2012 11 26   2.2   2.1 1
2012 11 27   2.6   2.5 1
2012 11 28   0.7   0.5 1
2012 11 29  -0.9  -1.0 1
2012 11 30  -3.2  -3.4 1
2012 12  1  -7.4  -7.6 1
2012 12  2 -11.1 -11.2 1
2012 12  3 -16.2 -16.3 1
2012 12  4 -10.6 -10.8 1
2012 12  5  -4.2  -4.4 1
2012 12  6  -2.0  -2.2 1
2012 12  7  -4.3  -4.5 1
2012 12  8  -8.1  -8.2 1
2012 12  9 -12.2 -12.4 1
2012 12 10  -6.6  -6.8 1
2012 12 11  -3.2  -3.4 1
2012 12 12  -6.3  -6.5 1
2012 12 13 -10.0 -10.2 1
2012 12 14  -9.4  -9.5 1
2012 12 15  -0.5  -0.7 1
2012 12 16  -0.2  -0.4 1
2012 12 17  -0.2  -0.4 1
2012 12 18  -1.9  -2.0 1
2012 12 19  -2.5  -2.7 1
2012 12 20  -3.0  -3.2 1
2012 12 21  -4.2  -4.4 1
2012 12 22  -4.2  -4.4 1
2012 12 23  -5.0  -5.2 1
2012 12 24  -4.0  -4.2 1
2012 12 25  -2.9  -3.0 1
2012 12 26  -0.6  -0.8 1
2012 12 27  -0.6  -0.8 1
2012 12 28  -4.8  -5.0 1
2012 12 29  -0.6  -0.8 1
2012 12 30   3.2   3.0 1
2012 12 31   2.9   2.7 1
2013  1  1   3.8   3.6 1
2013  1  2   0.6   0.5 1
2013  1  3  -0.4  -0.6 1
2013  1  4   2.4   2.2 1
2013  1  5  -3.2  -3.3 1
2013  1  6  -2.5  -2.7 1
2013  1  7  -0.9  -1.0 1
2013  1  8   0.4   0.2 1
2013  1  9  -1.1  -1.3 1
2013  1 10  -2.1  -2.3 1
2013  1 11  -2.7  -2.8 1
2013  1 12  -4.6  -4.8 1
2013  1 13  -6.9  -7.1 1
2013  1 14  -6.9  -7.1 1
2013  1 15  -4.7  -4.9 1
2013  1 16  -2.9  -3.0 1
2013  1 17  -4.0  -4.2 1
2013  1 18 -10.1 -10.3 1
2013  1 19 -16.7 -16.9 1
2013  1 20  -5.2  -5.4 1
2013  1 21  -5.9  -6.1 1
2013  1 22 -12.6 -12.8 1
2013  1 23 -12.2 -12.4 1
2013  1 24 -13.7 -13.9 1
2013  1 25 -12.5 -12.7 1
2013  1 26  -4.8  -5.0 1
2013  1 27  -3.6  -3.8 1
2013  1 28   1.7   1.5 1
2013  1 29   1.8   1.5 1
2013  1 30   2.7   2.5 1
2013  1 31   1.8   1.6 1
2013  2  1  -2.8  -3.0 1
2013  2  2  -5.6  -5.9 1
2013  2  3  -5.0  -5.2 1
2013  2  4  -1.1  -1.4 1
2013  2  5   0.4   0.2 1
2013  2  6  -1.0  -1.2 1
2013  2  7  -0.9  -1.1 1
2013  2  8  -1.4  -1.7 1
2013  2  9  -4.1  -4.3 1
2013  2 10  -5.8  -6.1 1
2013  2 11  -3.8  -4.1 1
2013  2 12  -1.5  -1.8 1
2013  2 13  -1.5  -1.8 1
2013  2 14   0.1  -0.2 1
2013  2 15   0.3   0.0 1
2013  2 16   0.6   0.2 1
2013  2 17   0.3   0.0 1
2013  2 18  -0.9  -1.2 1
2013  2 19  -1.0  -1.4 1
2013  2 20  -2.4  -2.8 1
2013  2 21  -5.1  -5.5 1
2013  2 22  -3.5  -3.9 1
2013  2 23  -2.5  -2.9 1
2013  2 24  -5.9  -6.4 1
2013  2 25  -5.8  -6.3 1
2013  2 26  -3.5  -4.0 1
2013  2 27   3.0   2.6 1
2013  2 28   1.4   0.9 1
2013  3  1   1.0   0.5 1
2013  3  2  -0.7  -1.2 1
2013  3  3  -1.1  -1.7 1
2013  3  4   0.1  -0.5 1
2013  3  5   1.3   0.7 1
2013  3  6   1.4   0.8 1
2013  3  7  -2.6  -3.3 1
2013  3  8  -4.5  -5.2 1
2013  3  9  -6.2  -6.9 1
2013  3 10  -8.4  -9.1 1
2013  3 11  -6.7  -7.4 1
2013  3 12  -4.0  -4.7 1
2013  3 13  -7.3  -8.1 1
2013  3 14  -8.2  -8.9 1
2013  3 15  -7.0  -7.7 1
2013  3 16  -4.4  -5.1 1
2013  3 17  -2.1  -2.7 1
2013  3 18  -5.7  -6.3 1
2013  3 19  -6.3  -6.9 1
2013  3 20  -4.7  -5.3 1
2013  3 21  -4.4  -5.0 1
2013  3 22  -6.5  -7.1 1
2013  3 23  -4.8  -5.4 1
2013  3 24  -3.5  -4.1 1
2013  3 25  -2.4  -3.0 1
2013  3 26  -1.2  -1.7 1
2013  3 27   0.2  -0.3 1
2013  3 28  -0.5  -1.0 1
2013  3 29  -2.0  -2.5 1
2013  3 30  -1.1  -1.6 1
2013  3 31  -1.1  -1.6 1
2013  4  1  -0.7  -1.2 1
2013  4  2   0.1  -0.4 1
2013  4  3   2.7   2.4 1
2013  4  4   3.2   2.9 1
2013  4  5   1.1   0.7 1
2013  4  6   0.5   0.2 1
2013  4  7  -0.2  -0.6 1
2013  4  8  -1.4  -1.8 1
2013  4  9  -0.5  -0.9 1
2013  4 10  -0.1  -0.4 1
2013  4 11   2.1   1.8 1
2013  4 12   2.6   2.3 1
2013  4 13   1.7   1.4 1
2013  4 14   4.7   4.4 1
2013  4 15   6.3   6.1 1
2013  4 16   6.1   5.8 1
2013  4 17   9.1   8.8 1
2013  4 18   8.4   8.1 1
2013  4 19   6.8   6.5 1
2013  4 20   6.1   5.8 1
2013  4 21   7.4   7.1 1
2013  4 22   5.9   5.6 1
2013  4 23   7.2   6.8 1
2013  4 24   7.8   7.4 1
2013  4 25   9.3   9.0 1
2013  4 26   6.4   6.1 1
2013  4 27   6.2   5.9 1
2013  4 28   6.7   6.3 1
2013  4 29   7.7   7.3 1
2013  4 30   7.6   7.2 1
2013  5  1   7.6   7.2 1
2013  5  2   8.1   7.7 1
2013  5  3   8.9   8.5 1
2013  5  4  12.0  11.6 1
2013  5  5  11.9  11.5 1
2013  5  6  13.2  12.8 1
2013  5  7  16.0  15.6 1
2013  5  8  14.9  14.5 1
2013  5  9  14.2  13.8 1
2013  5 10  15.4  15.0 1
2013  5 11  12.4  12.0 1
2013  5 12  12.7  12.3 1
2013  5 13  12.4  11.9 1
2013  5 14   9.2   8.7 1
2013  5 15  10.3   9.8 1
2013  5 16  13.9  13.4 1
2013  5 17  17.0  16.6 1
2013  5 18  16.9  16.5 1
2013  5 19  16.3  15.8 1
2013  5 20  17.4  16.9 1
2013  5 21  14.6  14.2 1
2013  5 22  12.4  12.0 1
2013  5 23  13.1  12.7 1
2013  5 24  13.7  13.3 1
2013  5 25  14.4  14.0 1
2013  5 26  14.6  14.1 1
2013  5 27  14.4  14.0 1
2013  5 28  17.3  16.9 1
2013  5 29  16.7  16.3 1
2013  5 30  18.1  17.7 1
2013  5 31  17.7  17.3 1
2013  6  1  16.9  16.5 1
2013  6  2  18.0  17.6 1
2013  6  3  15.0  14.6 1
2013  6  4  10.6  10.2 1
2013  6  5  14.2  13.8 1
2013  6  6  16.4  16.0 1
2013  6  7  18.5  18.1 1
2013  6  8  15.8  15.4 1
2013  6  9  12.3  11.9 1
2013  6 10  12.7  12.3 1
2013  6 11  14.4  14.1 1
2013  6 12  17.3  16.9 1
2013  6 13  15.0  14.6 1
2013  6 14  15.0  14.7 1
2013  6 15  15.8  15.4 1
2013  6 16  14.1  13.8 1
2013  6 17  15.3  15.0 1
2013  6 18  14.6  14.3 1
2013  6 19  16.6  16.3 1
2013  6 20  18.0  17.6 1
2013  6 21  18.8  18.4 1
2013  6 22  18.0  17.7 1
2013  6 23  19.2  18.8 1
2013  6 24  19.7  19.3 1
2013  6 25  19.5  19.2 1
2013  6 26  16.5  16.2 1
2013  6 27  17.7  17.4 1
2013  6 28  17.8  17.5 1
2013  6 29  16.9  16.6 1
2013  6 30  16.3  16.0 1
2013  7  1  17.3  16.9 1
2013  7  2  16.3  15.9 1
2013  7  3  16.9  16.5 1
2013  7  4  17.7  17.4 1
2013  7  5  18.2  17.9 1
2013  7  6  18.2  17.8 1
2013  7  7  21.0  20.7 1
2013  7  8  17.2  16.9 1
2013  7  9  19.8  19.5 1
2013  7 10  15.0  14.6 1
2013  7 11  15.2  14.9 1
2013  7 12  16.9  16.5 1
2013  7 13  20.2  19.9 1
2013  7 14  14.3  13.9 1
2013  7 15  17.7  17.4 1
2013  7 16  18.0  17.6 1
2013  7 17  18.8  18.5 1
2013  7 18  19.7  19.4 1
2013  7 19  15.8  15.5 1
2013  7 20  16.2  16.0 1
2013  7 21  17.3  17.0 1
2013  7 22  15.1  14.9 1
2013  7 23  15.2  14.9 1
2013  7 24  18.4  18.2 1
2013  7 25  20.1  19.9 1
2013  7 26  21.6  21.4 1
2013  7 27  21.6  21.4 1
2013  7 28  21.4  21.1 1
2013  7 29  21.0  20.8 1
2013  7 30  18.0  17.8 1
2013  7 31  16.7  16.6 1
2013  8  1  15.8  15.6 1
2013  8  2  20.0  19.8 1
2013  8  3  21.9  21.7 1
2013  8  4  20.4  20.2 1
2013  8  5  20.4  20.3 1
2013  8  6  20.6  20.5 1
2013  8  7  20.7  20.6 1
2013  8  8  17.3  17.2 1
2013  8  9  16.2  16.2 1
2013  8 10  16.8  16.7 1
2013  8 11  17.0  16.9 1
2013  8 12  15.7  15.7 1
2013  8 13  15.6  15.5 1
2013  8 14  14.8  14.7 1
2013  8 15  16.1  16.1 1
2013  8 16  17.5  17.4 1
2013  8 17  18.1  18.1 1
2013  8 18  18.2  18.2 1
2013  8 19  16.8  16.8 1
2013  8 20  17.0  17.0 1
2013  8 21  17.0  17.0 1
2013  8 22  15.2  15.3 1
2013  8 23  13.4  13.4 1
2013  8 24  13.6  13.6 1
2013  8 25  15.1  15.1 1
2013  8 26  17.2  17.2 1
2013  8 27  18.3  18.2 1
2013  8 28  17.7  17.7 1
2013  8 29  15.0  15.0 1
2013  8 30  14.7  14.7 1
2013  8 31  15.2  15.2 1
2013  9  1  13.6  13.6 1
2013  9  2  11.9  11.9 1
2013  9  3  13.6  13.6 1
2013  9  4  16.0  16.0 1
2013  9  5  16.9  17.0 1
2013  9  6  16.2  16.2 1
2013  9  7  17.4  17.4 1
2013  9  8  17.0  17.1 1
2013  9  9  14.6  14.7 1
2013  9 10  16.6  16.7 1
2013  9 11  15.9  16.0 1
2013  9 12  15.0  15.2 1
2013  9 13  14.5  14.6 1
2013  9 14  14.6  14.7 1
2013  9 15  14.9  15.1 1
2013  9 16  14.2  14.4 1
2013  9 17  11.1  11.2 1
2013  9 18  11.1  11.3 1
2013  9 19   9.5   9.6 1
2013  9 20  11.2  11.3 1
2013  9 21  11.2  11.3 1
2013  9 22  10.5  10.6 1
2013  9 23   9.8  10.0 1
2013  9 24   6.7   6.8 1
2013  9 25   4.5   4.6 1
2013  9 26   4.4   4.5 1
2013  9 27   6.3   6.4 1
2013  9 28   7.2   7.3 1
2013  9 29   7.3   7.4 1
2013  9 30   6.8   6.9 1
2013 10  1   4.0   4.0 1
2013 10  2   6.1   6.2 1
2013 10  3   7.2   7.3 1
2013 10  4   8.5   8.5 1
2013 10  5  10.1  10.1 1
2013 10  6   9.8   9.9 1
2013 10  7  13.8  13.8 1
2013 10  8  14.1  14.2 1
2013 10  9  12.3  12.4 1
2013 10 10   8.6   8.7 1
2013 10 11   5.6   5.7 1
2013 10 12   7.0   7.1 1
2013 10 13   7.2   7.1 1
2013 10 14   7.2   7.2 1
2013 10 15   6.9   6.8 1
2013 10 16   4.9   4.9 1
2013 10 17   5.4   5.4 1
2013 10 18   1.6   1.5 1
2013 10 19   0.9   0.8 1
2013 10 20  -2.4  -2.5 1
2013 10 21  -0.9  -1.0 1
2013 10 22   6.3   6.3 1
2013 10 23  12.8  12.7 1
2013 10 24  11.5  11.4 1
2013 10 25   8.0   7.9 1
2013 10 26  10.3  10.2 1
2013 10 27  12.1  12.0 1
2013 10 28  10.5  10.4 1
2013 10 29   9.0   8.9 1
2013 10 30   6.8   6.7 1
2013 10 31   6.0   5.9 1
2013 11  1   7.5   7.4 1
2013 11  2   5.9   5.8 1
2013 11  3   4.6   4.5 1
2013 11  4   6.0   5.9 1
2013 11  5   4.0   3.9 1
2013 11  6   3.8   3.7 1
2013 11  7   4.0   3.8 1
2013 11  8   5.6   5.5 1
2013 11  9   5.2   5.0 1
2013 11 10   3.9   3.8 1
2013 11 11   0.6   0.5 1
2013 11 12   5.9   5.7 1
2013 11 13   3.8   3.6 1
2013 11 14   1.9   1.7 1
2013 11 15   5.8   5.6 1
2013 11 16   8.6   8.4 1
2013 11 17   5.7   5.6 1
2013 11 18   4.6   4.4 1
2013 11 19   5.8   5.6 1
2013 11 20   0.1   0.0 1
2013 11 21   2.9   2.7 1
2013 11 22  -0.1  -0.3 1
2013 11 23  -0.8  -1.0 1
2013 11 24  -1.2  -1.4 1
2013 11 25  -1.6  -1.8 1
2013 11 26  -1.5  -1.7 1
2013 11 27   4.5   4.3 1
2013 11 28   4.6   4.5 1
2013 11 29  -1.1  -1.3 1
2013 11 30  -2.8  -3.0 1
2013 12  1   3.3   3.2 1
2013 12  2   0.9   0.7 1
2013 12  3   4.3   4.1 1
2013 12  4   0.3   0.1 1
2013 12  5   1.8   1.6 1
2013 12  6  -0.2  -0.3 1
2013 12  7  -5.3  -5.4 1
2013 12  8  -8.2  -8.4 1
2013 12  9  -5.3  -5.5 1
2013 12 10   1.0   0.9 1
2013 12 11   4.5   4.3 1
2013 12 12   6.4   6.2 1
2013 12 13   1.2   1.1 1
2013 12 14   0.2   0.1 1
2013 12 15   3.8   3.7 1
2013 12 16   6.3   6.1 1
2013 12 17   4.5   4.3 1
2013 12 18   2.0   1.8 1
2013 12 19   4.5   4.3 1
2013 12 20   3.7   3.5 1
2013 12 21   4.9   4.7 1
2013 12 22   6.2   6.1 1
2013 12 23   4.3   4.1 1
2013 12 24   5.2   5.1 1
2013 12 25   6.4   6.3 1
2013 12 26   3.3   3.2 1
2013 12 27   1.9   1.7 1
2013 12 28   5.4   5.2 1
2013 12 29   3.8   3.6 1
2013 12 30   1.6   1.4 1
2013 12 31   3.3   3.1 1
2014  1  1   2.5   2.4 1
2014  1  2   3.6   3.4 1
2014  1  3   4.0   3.8 1
2014  1  4   4.6   4.4 1
2014  1  5   2.6   2.4 1
2014  1  6   3.4   3.2 1
2014  1  7   5.8   5.6 1
2014  1  8   6.1   6.0 1
2014  1  9   5.3   5.1 1
2014  1 10  -1.3  -1.5 1
2014  1 11  -4.6  -4.8 1
2014  1 12  -8.8  -8.9 1
2014  1 13  -9.5  -9.7 1
2014  1 14  -6.7  -6.9 1
2014  1 15  -6.6  -6.8 1
2014  1 16  -6.6  -6.8 1
2014  1 17  -9.9 -10.1 1
2014  1 18  -5.7  -5.9 1
2014  1 19  -4.4  -4.6 1
2014  1 20  -3.5  -3.7 1
2014  1 21  -4.0  -4.2 1
2014  1 22  -6.3  -6.5 1
2014  1 23  -7.6  -7.8 1
2014  1 24  -5.4  -5.6 1
2014  1 25  -4.4  -4.6 1
2014  1 26  -4.2  -4.4 1
2014  1 27  -2.1  -2.4 1
2014  1 28  -1.4  -1.6 1
2014  1 29  -3.7  -3.9 1
2014  1 30  -3.3  -3.5 1
2014  1 31  -4.2  -4.4 1
2014  2  1  -0.6  -0.9 1
2014  2  2   1.3   1.1 1
2014  2  3   1.7   1.5 1
2014  2  4   0.8   0.6 1
2014  2  5   0.4   0.2 1
2014  2  6   0.4   0.2 1
2014  2  7   2.1   1.8 1
2014  2  8   2.7   2.5 1
2014  2  9   2.7   2.4 1
2014  2 10   2.9   2.7 1
2014  2 11   1.4   1.1 1
2014  2 12   1.0   0.7 1
2014  2 13   1.1   0.9 1
2014  2 14   1.7   1.4 1
2014  2 15   2.1   1.8 1
2014  2 16   4.2   3.9 1
2014  2 17   3.3   3.0 1
2014  2 18   0.1  -0.2 1
2014  2 19  -1.8  -2.1 1
2014  2 20  -0.7  -1.1 1
2014  2 21   0.9   0.5 1
2014  2 22   3.2   2.8 1
2014  2 23   6.1   5.6 1
2014  2 24   7.0   6.6 1
2014  2 25   3.5   3.0 1
2014  2 26   1.6   1.2 1
2014  2 27   2.1   1.6 1
2014  2 28   2.3   1.8 1
2014  3  1   1.9   1.3 1
2014  3  2   1.5   1.0 1
2014  3  3   2.2   1.7 1
2014  3  4   3.2   2.7 1
2014  3  5   2.5   1.9 1
2014  3  6   3.8   3.2 1
2014  3  7   6.9   6.3 1
2014  3  8   6.2   5.6 1
2014  3  9   8.9   8.2 1
2014  3 10   6.6   5.9 1
2014  3 11   5.5   4.8 1
2014  3 12   6.9   6.2 1
2014  3 13   6.0   5.3 1
2014  3 14   6.1   5.4 1
2014  3 15   1.9   1.1 1
2014  3 16  -0.4  -1.0 1
2014  3 17  -0.3  -0.9 1
2014  3 18  -1.4  -2.0 1
2014  3 19  -2.4  -3.0 1
2014  3 20   2.1   1.5 1
2014  3 21   8.5   7.9 1
2014  3 22   5.5   4.9 1
2014  3 23   4.8   4.3 1
2014  3 24   4.0   3.5 1
2014  3 25   2.8   2.2 1
2014  3 26   4.2   3.7 1
2014  3 27   4.6   4.0 1
2014  3 28   4.7   4.2 1
2014  3 29   7.3   6.7 1
2014  3 30   5.6   5.0 1
2014  3 31   3.7   3.2 1
2014  4  1   1.2   0.7 1
2014  4  2   3.2   2.7 1
2014  4  3   2.5   2.1 1
2014  4  4   3.0   2.6 1
2014  4  5   4.8   4.4 1
2014  4  6   6.7   6.3 1
2014  4  7   4.3   4.0 1
2014  4  8   3.5   3.2 1
2014  4  9   2.4   2.1 1
2014  4 10   4.1   3.7 1
2014  4 11   6.9   6.6 1
2014  4 12   6.9   6.7 1
2014  4 13   7.9   7.7 1
2014  4 14   7.3   7.0 1
2014  4 15   6.5   6.3 1
2014  4 16   6.8   6.6 1
2014  4 17   9.1   8.8 1
2014  4 18   7.5   7.2 1
2014  4 19   7.9   7.6 1
2014  4 20  10.8  10.5 1
2014  4 21  10.9  10.6 1
2014  4 22   9.1   8.8 1
2014  4 23   5.9   5.6 1
2014  4 24   6.2   5.9 1
2014  4 25   8.0   7.7 1
2014  4 26  11.6  11.3 1
2014  4 27  13.3  13.0 1
2014  4 28  14.9  14.5 1
2014  4 29   7.1   6.8 1
2014  4 30   5.1   4.7 1
2014  5  1   3.1   2.7 1
2014  5  2   5.4   5.0 1
2014  5  3   5.9   5.5 1
2014  5  4   4.6   4.2 1
2014  5  5   4.9   4.5 1
2014  5  6   5.6   5.2 1
2014  5  7   5.9   5.5 1
2014  5  8   5.2   4.8 1
2014  5  9   7.2   6.8 1
2014  5 10   7.6   7.2 1
2014  5 11   8.8   8.3 1
2014  5 12   8.4   8.0 1
2014  5 13   9.2   8.7 1
2014  5 14   8.2   7.7 1
2014  5 15   8.8   8.4 1
2014  5 16  14.6  14.1 1
2014  5 17  16.1  15.7 1
2014  5 18  17.1  16.6 1
2014  5 19  14.0  13.5 1
2014  5 20  15.4  14.9 1
2014  5 21  17.5  17.1 1
2014  5 22  20.6  20.1 1
2014  5 23  21.7  21.3 1
2014  5 24  22.2  21.8 1
2014  5 25  19.2  18.8 1
2014  5 26  12.9  12.4 1
2014  5 27   7.9   7.5 1
2014  5 28   6.9   6.5 1
2014  5 29  10.8  10.4 1
2014  5 30   9.8   9.4 1
2014  5 31  11.4  11.0 1
2014  6  1  12.9  12.5 1
2014  6  2  13.0  12.6 1
2014  6  3  12.0  11.6 1
2014  6  4  14.6  14.2 1
2014  6  5  16.7  16.3 1
2014  6  6  15.8  15.4 1
2014  6  7  16.0  15.7 1
2014  6  8  18.2  17.8 1
2014  6  9  19.8  19.5 1
2014  6 10  18.3  17.9 1
2014  6 11  17.6  17.3 1
2014  6 12  16.1  15.8 1
2014  6 13  13.0  12.6 1
2014  6 14  11.8  11.5 1
2014  6 15  15.4  15.1 1
2014  6 16  12.6  12.2 1
2014  6 17  11.0  10.7 1
2014  6 18  16.0  15.6 1
2014  6 19  11.7  11.3 1
2014  6 20  10.1   9.7 1
2014  6 21  10.2   9.9 1
2014  6 22   9.1   8.8 1
2014  6 23   9.4   9.0 1
2014  6 24  12.4  12.0 1
2014  6 25  12.0  11.7 1
2014  6 26  12.5  12.1 1
2014  6 27  12.6  12.3 1
2014  6 28  11.9  11.6 1
2014  6 29  13.6  13.2 1
2014  6 30  12.9  12.5 1
2014  7  1  12.9  12.6 1
2014  7  2  16.0  15.7 1
2014  7  3  14.7  14.3 1
2014  7  4  17.2  16.9 1
2014  7  5  20.5  20.2 1
2014  7  6  19.4  19.0 1
2014  7  7  22.1  21.8 1
2014  7  8  23.1  22.7 1
2014  7  9  23.1  22.7 1
2014  7 10  21.7  21.4 1
2014  7 11  18.1  17.8 1
2014  7 12  18.0  17.6 1
2014  7 13  19.4  19.1 1
2014  7 14  18.7  18.3 1
2014  7 15  18.7  18.4 1
2014  7 16  19.6  19.3 1
2014  7 17  20.6  20.3 1
2014  7 18  20.5  20.2 1
2014  7 19  17.9  17.6 1
2014  7 20  20.4  20.1 1
2014  7 21  20.6  20.3 1
2014  7 22  21.8  21.6 1
2014  7 23  22.4  22.1 1
2014  7 24  24.2  24.0 1
2014  7 25  24.2  23.9 1
2014  7 26  24.5  24.3 1
2014  7 27  22.0  21.8 1
2014  7 28  23.6  23.4 1
2014  7 29  24.5  24.3 1
2014  7 30  21.5  21.3 1
2014  7 31  21.1  21.0 1
2014  8  1  20.3  20.1 1
2014  8  2  21.3  21.2 1
2014  8  3  22.4  22.3 1
2014  8  4  25.5  25.4 1
2014  8  5  22.7  22.6 1
2014  8  6  22.0  21.9 1
2014  8  7  19.4  19.3 1
2014  8  8  21.1  21.0 1
2014  8  9  21.7  21.6 1
2014  8 10  19.3  19.2 1
2014  8 11  17.5  17.5 1
2014  8 12  16.3  16.2 1
2014  8 13  15.8  15.7 1
2014  8 14  16.8  16.8 1
2014  8 15  15.9  15.9 1
2014  8 16  16.5  16.4 1
2014  8 17  15.2  15.2 1
2014  8 18  14.1  14.1 1
2014  8 19  13.4  13.4 1
2014  8 20  13.9  13.9 1
2014  8 21  13.6  13.6 1
2014  8 22  14.9  14.9 1
2014  8 23  13.3  13.4 1
2014  8 24  12.8  12.8 1
2014  8 25  13.3  13.2 1
2014  8 26  12.6  12.5 1
2014  8 27  15.2  15.2 1
2014  8 28  14.5  14.5 1
2014  8 29  13.7  13.7 1
2014  8 30  12.5  12.5 1
2014  8 31  11.9  11.9 1
2014  9  1  13.3  13.3 1
2014  9  2  15.1  15.1 1
2014  9  3  15.9  16.0 1
2014  9  4  17.6  17.6 1
2014  9  5  16.1  16.1 1
2014  9  6  13.7  13.7 1
2014  9  7  15.2  15.2 1
2014  9  8  15.9  16.0 1
2014  9  9  14.4  14.4 1
2014  9 10  14.2  14.3 1
2014  9 11  13.5  13.6 1
2014  9 12  13.8  13.9 1
2014  9 13  12.8  12.9 1
2014  9 14  11.3  11.4 1
2014  9 15  12.9  13.0 1
2014  9 16  13.1  13.3 1
2014  9 17  11.5  11.6 1
2014  9 18  11.1  11.2 1
2014  9 19  11.8  11.9 1
2014  9 20  11.8  11.9 1
2014  9 21  12.0  12.1 1
2014  9 22   8.7   8.8 1
2014  9 23   4.0   4.1 1
2014  9 24   5.0   5.1 1
2014  9 25   6.7   6.8 1
2014  9 26  10.1  10.2 1
2014  9 27  12.1  12.2 1
2014  9 28  13.4  13.5 1
2014  9 29  12.9  13.0 1
2014  9 30   7.2   7.3 1
2014 10  1   6.1   6.2 1
2014 10  2  10.8  10.9 1
2014 10  3  12.0  12.1 1
2014 10  4  11.9  12.0 1
2014 10  5  11.9  12.0 1
2014 10  6   7.9   8.0 1
2014 10  7   8.2   8.3 1
2014 10  8  10.8  10.9 1
2014 10  9  10.2  10.2 1
2014 10 10  12.2  12.3 1
2014 10 11  10.6  10.6 1
2014 10 12   7.6   7.7 1
2014 10 13   8.4   8.4 1
2014 10 14   8.4   8.4 1
2014 10 15   6.2   6.1 1
2014 10 16   5.1   5.1 1
2014 10 17   5.1   5.0 1
2014 10 18   6.8   6.8 1
2014 10 19  12.2  12.1 1
2014 10 20   9.1   9.0 1
2014 10 21   6.2   6.1 1
2014 10 22   3.7   3.6 1
2014 10 23   3.4   3.3 1
2014 10 24   7.8   7.7 1
2014 10 25   9.7   9.6 1
2014 10 26  11.1  11.0 1
2014 10 27  13.4  13.3 1
2014 10 28  14.2  14.1 1
2014 10 29   8.7   8.6 1
2014 10 30   2.8   2.7 1
2014 10 31   0.8   0.7 1
2014 11  1   4.2   4.1 1
2014 11  2  11.5  11.4 1
2014 11  3  11.1  11.0 1
2014 11  4   9.7   9.6 1
2014 11  5   3.6   3.5 1
2014 11  6   1.5   1.4 1
2014 11  7   1.7   1.5 1
2014 11  8   2.3   2.2 1
2014 11  9   7.1   6.9 1
2014 11 10   8.2   8.1 1
2014 11 11   8.0   7.8 1
2014 11 12   5.2   5.1 1
2014 11 13   6.1   5.9 1
2014 11 14   6.4   6.2 1
2014 11 15   6.3   6.1 1
2014 11 16   5.9   5.7 1
2014 11 17   4.5   4.3 1
2014 11 18   4.7   4.5 1
2014 11 19   3.4   3.2 1
2014 11 20   3.7   3.5 1
2014 11 21   3.2   3.1 1
2014 11 22   1.3   1.1 1
2014 11 23   3.0   2.8 1
2014 11 24   5.9   5.7 1
2014 11 25   4.1   3.9 1
2014 11 26  -0.6  -0.7 1
2014 11 27   0.7   0.6 1
2014 11 28   0.9   0.8 1
2014 11 29  -0.4  -0.6 1
2014 11 30  -0.8  -0.9 1
2014 12  1  -0.4  -0.5 1
2014 12  2   0.9   0.8 1
2014 12  3  -0.1  -0.3 1
2014 12  4   1.0   0.8 1
2014 12  5   1.2   1.0 1
2014 12  6   0.7   0.5 1
2014 12  7   2.3   2.1 1
2014 12  8   2.8   2.7 1
2014 12  9   1.7   1.6 1
2014 12 10   3.0   2.8 1
2014 12 11   3.7   3.5 1
2014 12 12   1.9   1.7 1
2014 12 13   0.2   0.0 1
2014 12 14   0.5   0.4 1
2014 12 15   3.5   3.3 1
2014 12 16   1.2   1.1 1
2014 12 17  -1.1  -1.3 1
2014 12 18   0.2   0.0 1
2014 12 19   3.2   3.1 1
2014 12 20  -0.7  -0.9 1
2014 12 21  -2.3  -2.5 1
2014 12 22  -1.1  -1.2 1
2014 12 23  -2.8  -2.9 1
2014 12 24  -3.8  -4.0 1
2014 12 25  -9.9 -10.0 1
2014 12 26 -10.1 -10.3 1
2014 12 27 -11.1 -11.2 1
2014 12 28 -10.3 -10.5 1
2014 12 29  -9.0  -9.1 1
2014 12 30  -0.9  -1.1 1
2014 12 31   1.4   1.2 1
2015  1  1   4.3   4.1 1
2015  1  2   4.8   4.6 1
2015  1  3   1.9   1.7 1
2015  1  4  -0.2  -0.4 1
2015  1  5  -2.7  -2.9 1
2015  1  6  -2.0  -2.2 1
2015  1  7   0.1  -0.1 1
2015  1  8   2.5   2.3 1
2015  1  9  -1.2  -1.4 1
2015  1 10  -3.0  -3.1 1
2015  1 11  -2.2  -2.3 1
2015  1 12  -4.2  -4.3 1
2015  1 13   2.4   2.2 1
2015  1 14   1.5   1.3 1
2015  1 15   1.4   1.2 1
2015  1 16   3.8   3.6 1
2015  1 17   2.4   2.2 1
2015  1 18   1.7   1.6 1
2015  1 19  -0.9  -1.1 1
2015  1 20  -0.5  -0.7 1
2015  1 21   0.1  -0.1 1
2015  1 22  -1.4  -1.5 1
2015  1 23  -5.3  -5.6 1
2015  1 24  -1.9  -2.1 1
2015  1 25  -1.2  -1.4 1
2015  1 26  -0.9  -1.1 1
2015  1 27  -0.3  -0.5 1
2015  1 28   1.0   0.8 1
2015  1 29   1.5   1.3 1
2015  1 30   0.3   0.1 1
2015  1 31   0.4   0.1 1
2015  2  1  -0.9  -1.2 1
2015  2  2  -4.4  -4.7 1
2015  2  3  -4.1  -4.4 1
2015  2  4  -2.8  -3.0 1
2015  2  5  -4.7  -5.0 1
2015  2  6  -0.6  -0.9 1
2015  2  7  -1.0  -1.3 1
2015  2  8  -1.9  -2.2 1
2015  2  9   4.2   3.9 1
2015  2 10   3.1   2.8 1
2015  2 11   1.8   1.5 1
2015  2 12   2.0   1.8 1
2015  2 13  -0.3  -0.6 1
2015  2 14   1.0   0.8 1
2015  2 15  -1.2  -1.5 1
2015  2 16  -1.4  -1.7 1
2015  2 17   0.6   0.3 1
2015  2 18   4.2   3.8 1
2015  2 19   5.1   4.7 1
2015  2 20   4.2   3.8 1
2015  2 21   2.1   1.7 1
2015  2 22   0.9   0.5 1
2015  2 23   1.3   0.9 1
2015  2 24   2.5   2.0 1
2015  2 25   3.9   3.4 1
2015  2 26   1.5   1.1 1
2015  2 27   2.2   1.7 1
2015  2 28   1.8   1.3 1
2015  3  1   2.1   1.6 1
2015  3  2   3.5   2.9 1
2015  3  3   1.6   1.0 1
2015  3  4   0.2  -0.3 1
2015  3  5   1.8   1.2 1
2015  3  6   3.2   2.6 1
2015  3  7   4.6   4.0 1
2015  3  8   9.7   9.0 1
2015  3  9   6.6   5.9 1
2015  3 10   6.6   5.9 1
2015  3 11   4.4   3.8 1
2015  3 12   1.2   0.5 1
2015  3 13   0.5  -0.2 1
2015  3 14   0.8   0.0 1
2015  3 15   2.9   2.2 1
2015  3 16   3.3   2.7 1
2015  3 17   4.0   3.4 1
2015  3 18   5.6   5.0 1
2015  3 19   6.4   5.8 1
2015  3 20   1.9   1.3 1
2015  3 21  -1.2  -1.8 1
2015  3 22  -0.5  -1.1 1
2015  3 23   3.8   3.2 1
2015  3 24   5.8   5.2 1
2015  3 25  -0.3  -0.8 1
2015  3 26   2.2   1.6 1
2015  3 27   4.1   3.6 1
2015  3 28   3.9   3.4 1
2015  3 29   2.6   2.1 1
2015  3 30   3.5   3.0 1
2015  3 31   3.7   3.2 1
2015  4  1   1.6   1.1 1
2015  4  2   2.3   1.8 1
2015  4  3   3.4   3.0 1
2015  4  4   2.2   1.9 1
2015  4  5   1.6   1.2 1
2015  4  6   4.0   3.6 1
2015  4  7   8.6   8.2 1
2015  4  8   7.7   7.4 1
2015  4  9   9.6   9.2 1
2015  4 10   9.2   8.9 1
2015  4 11   7.8   7.5 1
2015  4 12   7.4   7.1 1
2015  4 13   6.2   5.9 1
2015  4 14   4.0   3.7 1
2015  4 15   6.3   6.0 1
2015  4 16   5.2   5.0 1
2015  4 17   3.1   2.8 1
2015  4 18   5.3   5.0 1
2015  4 19   9.9   9.6 1
2015  4 20  10.4  10.1 1
2015  4 21   9.2   8.9 1
2015  4 22  10.1   9.8 1
2015  4 23  10.7  10.4 1
2015  4 24   7.6   7.3 1
2015  4 25   9.1   8.8 1
2015  4 26  10.7  10.4 1
2015  4 27   8.5   8.1 1
2015  4 28   7.8   7.5 1
2015  4 29   5.4   5.0 1
2015  4 30   7.9   7.5 1
2015  5  1   6.3   5.9 1
2015  5  2   6.1   5.7 1
2015  5  3   7.7   7.3 1
2015  5  4   6.9   6.6 1
2015  5  5   9.3   8.9 1
2015  5  6  12.2  11.8 1
2015  5  7  11.0  10.6 1
2015  5  8   9.7   9.2 1
2015  5  9   9.8   9.4 1
2015  5 10   6.8   6.4 1
2015  5 11  10.8  10.4 1
2015  5 12  12.0  11.6 1
2015  5 13   8.2   7.8 1
2015  5 14   8.6   8.2 1
2015  5 15   6.2   5.7 1
2015  5 16   7.3   6.8 1
2015  5 17   3.8   3.4 1
2015  5 18   7.2   6.8 1
2015  5 19   7.2   6.8 1
2015  5 20  11.2  10.8 1
2015  5 21  12.4  12.0 1
2015  5 22  11.5  11.1 1
2015  5 23  12.2  11.8 1
2015  5 24  12.6  12.2 1
2015  5 25  12.1  11.7 1
2015  5 26  11.9  11.5 1
2015  5 27  11.1  10.7 1
2015  5 28  12.2  11.8 1
2015  5 29  11.6  11.2 1
2015  5 30   9.5   9.1 1
2015  5 31  10.6  10.2 1
2015  6  1  11.6  11.2 1
2015  6  2  10.9  10.5 1
2015  6  3  11.7  11.3 1
2015  6  4  13.8  13.4 1
2015  6  5  14.6  14.2 1
2015  6  6  14.3  13.9 1
2015  6  7  12.5  12.1 1
2015  6  8  10.8  10.4 1
2015  6  9  13.3  13.0 1
2015  6 10  15.5  15.1 1
2015  6 11  16.9  16.5 1
2015  6 12  19.3  19.0 1
2015  6 13  17.4  17.0 1
2015  6 14  11.4  11.1 1
2015  6 15  12.0  11.6 1
2015  6 16  12.8  12.5 1
2015  6 17  12.2  11.9 1
2015  6 18  10.9  10.6 1
2015  6 19  12.0  11.6 1
2015  6 20  13.1  12.8 1
2015  6 21  13.7  13.4 1
2015  6 22  14.5  14.2 1
2015  6 23  14.9  14.5 1
2015  6 24  13.6  13.3 1
2015  6 25  13.8  13.4 1
2015  6 26  13.6  13.3 1
2015  6 27  15.6  15.2 1
2015  6 28  18.2  17.9 1
2015  6 29  17.3  17.0 1
2015  6 30  17.0  16.6 1
2015  7  1  19.7  19.4 1
2015  7  2  24.1  23.8 1
2015  7  3  24.2  23.9 1
2015  7  4  22.4  22.1 1
2015  7  5  20.1  19.8 1
2015  7  6  16.4  16.0 1
2015  7  7  17.0  16.7 1
2015  7  8  14.9  14.5 1
2015  7  9  14.3  14.0 1
2015  7 10  13.3  13.0 1
2015  7 11  16.6  16.3 1
2015  7 12  15.5  15.2 1
2015  7 13  14.5  14.2 1
2015  7 14  15.9  15.5 1
2015  7 15  16.2  15.9 1
2015  7 16  15.3  14.9 1
2015  7 17  13.6  13.3 1
2015  7 18  15.6  15.3 1
2015  7 19  16.5  16.2 1
2015  7 20  15.6  15.3 1
2015  7 21  14.5  14.2 1
2015  7 22  16.2  16.0 1
2015  7 23  16.2  15.9 1
2015  7 24  16.2  16.0 1
2015  7 25  14.6  14.3 1
2015  7 26  16.3  16.1 1
2015  7 27  15.1  14.9 1
2015  7 28  15.1  14.8 1
2015  7 29  16.0  15.8 1
2015  7 30  14.8  14.6 1
2015  7 31  14.9  14.7 1
2015  8  1  15.5  15.4 1
2015  8  2  15.2  15.0 1
2015  8  3  15.9  15.8 1
2015  8  4  17.6  17.4 1
2015  8  5  16.8  16.7 1
2015  8  6  18.9  18.8 1
2015  8  7  20.4  20.3 1
2015  8  8  19.4  19.3 1
2015  8  9  18.0  17.9 1
2015  8 10  18.6  18.5 1
2015  8 11  17.7  17.6 1
2015  8 12  18.4  18.4 1
2015  8 13  15.7  15.6 1
2015  8 14  18.0  18.0 1
2015  8 15  17.3  17.3 1
2015  8 16  17.5  17.4 1
2015  8 17  16.4  16.4 1
2015  8 18  16.6  16.6 1
2015  8 19  16.6  16.6 1
2015  8 20  16.5  16.5 1
2015  8 21  16.8  16.9 1
2015  8 22  16.9  16.9 1
2015  8 23  17.0  17.0 1
2015  8 24  18.4  18.4 1
2015  8 25  21.3  21.2 1
2015  8 26  17.5  17.4 1
2015  8 27  18.6  18.6 1
2015  8 28  16.8  16.8 1
2015  8 29  16.9  16.9 1
2015  8 30  16.0  16.0 1
2015  8 31  15.7  15.7 1
2015  9  1  15.2  15.3 1
2015  9  2  13.3  13.3 1
2015  9  3  14.7  14.7 1
2015  9  4  13.1  13.1 1
2015  9  5  14.2  14.2 1
2015  9  6  12.3  12.4 1
2015  9  7  11.6  11.7 1
2015  9  8  10.9  11.0 1
2015  9  9  10.3  10.3 1
2015  9 10  12.8  12.9 1
2015  9 11  12.9  13.0 1
2015  9 12  14.4  14.5 1
2015  9 13  14.2  14.3 1
2015  9 14  15.3  15.4 1
2015  9 15  14.4  14.5 1
2015  9 16  14.7  14.8 1
2015  9 17  16.0  16.1 1
2015  9 18  14.6  14.7 1
2015  9 19  13.2  13.3 1
2015  9 20  10.9  11.1 1
2015  9 21  10.5  10.6 1
2015  9 22  11.8  11.9 1
2015  9 23  12.9  13.0 1
2015  9 24  13.2  13.3 1
2015  9 25  12.7  12.8 1
2015  9 26   9.9  10.0 1
2015  9 27   9.7   9.8 1
2015  9 28  10.0  10.1 1
2015  9 29   9.6   9.7 1
2015  9 30  11.9  12.0 1
2015 10  1  12.4  12.5 1
2015 10  2  13.6  13.7 1
2015 10  3   9.8   9.9 1
2015 10  4  10.2  10.3 1
2015 10  5   7.2   7.3 1
2015 10  6   3.8   3.9 1
2015 10  7   3.2   3.3 1
2015 10  8   4.5   4.6 1
2015 10  9   1.9   2.0 1
2015 10 10   2.4   2.5 1
2015 10 11   4.1   4.1 1
2015 10 12   4.3   4.4 1
2015 10 13   6.8   6.8 1
2015 10 14   3.9   3.8 1
2015 10 15   4.0   3.9 1
2015 10 16   2.8   2.7 1
2015 10 17   2.5   2.4 1
2015 10 18   4.6   4.5 1
2015 10 19   5.0   4.9 1
2015 10 20   7.6   7.5 1
2015 10 21   8.4   8.4 1
2015 10 22  10.9  10.8 1
2015 10 23  10.0   9.9 1
2015 10 24   8.1   8.0 1
2015 10 25   9.1   9.0 1
2015 10 26   5.4   5.3 1
2015 10 27   5.3   5.2 1
2015 10 28   0.8   0.7 1
2015 10 29   2.5   2.4 1
2015 10 30   5.4   5.3 1
2015 10 31   8.2   8.1 1
2015 11  1   9.0   8.9 1
2015 11  2   9.8   9.6 1
2015 11  3   7.6   7.4 1
2015 11  4   7.2   7.1 1
2015 11  5   4.4   4.2 1
2015 11  6   8.8   8.6 1
2015 11  7   9.4   9.3 1
2015 11  8   6.8   6.7 1
2015 11  9   7.1   7.0 1
2015 11 10   5.4   5.3 1
2015 11 11   4.0   3.8 1
2015 11 12   4.3   4.2 1
2015 11 13   5.2   5.0 1
2015 11 14   4.2   4.0 1
2015 11 15   2.8   2.6 1
2015 11 16   3.6   3.4 1
2015 11 17   5.3   5.2 1
2015 11 18   4.8   4.6 1
2015 11 19   1.9   1.7 1
2015 11 20  -1.6  -1.7 1
2015 11 21  -3.6  -3.8 1
2015 11 22  -4.8  -4.9 1
2015 11 23  -5.6  -5.8 1
2015 11 24   1.6   1.5 1
2015 11 25   2.7   2.5 1
2015 11 26   2.0   1.8 1
2015 11 27   7.8   7.6 1
2015 11 28   5.5   5.4 1
2015 11 29   2.9   2.8 1
2015 11 30   0.4   0.2 1
2015 12  1   0.0  -0.2 1
2015 12  2   0.0  -0.2 1
2015 12  3   4.2   4.1 1
2015 12  4   4.5   4.3 1
2015 12  5   7.5   7.3 1
2015 12  6   8.9   8.7 1
2015 12  7   4.7   4.5 1
2015 12  8   1.8   1.6 1
2015 12  9   6.9   6.8 1
2015 12 10   7.8   7.6 1
2015 12 11   3.8   3.7 1
2015 12 12  -0.4  -0.5 1
2015 12 13  -2.5  -2.6 1
2015 12 14  -6.1  -6.3 1
2015 12 15  -3.7  -3.8 1
2015 12 16  -2.8  -3.0 1
2015 12 17   1.0   0.9 1
2015 12 18   6.8   6.7 1
2015 12 19   7.4   7.2 1
2015 12 20  11.4  11.3 1
2015 12 21   8.4   8.2 1
2015 12 22   5.3   5.2 1
2015 12 23   6.8   6.7 1
2015 12 24   5.7   5.6 1
2015 12 25   6.2   6.1 1
2015 12 26  -0.4  -0.5 1
2015 12 27  -4.5  -4.7 1
2015 12 28  -5.6  -5.8 1
2015 12 29  -6.9  -7.1 1
2015 12 30   0.6   0.4 1
2015 12 31   0.4   0.2 1
2016  1  1   1.2   1.0 1
2016  1  2  -3.3  -3.5 1
2016  1  3  -5.4  -5.6 1
2016  1  4  -7.5  -7.7 1
2016  1  5  -8.3  -8.5 1
2016  1  6 -13.9 -14.0 1
2016  1  7 -15.6 -15.8 1
2016  1  8  -8.2  -8.4 1
2016  1  9 -11.4 -11.6 1
2016  1 10  -4.2  -4.4 1
2016  1 11   0.5   0.4 1
2016  1 12  -3.4  -3.6 1
2016  1 13  -7.0  -7.2 1
2016  1 14 -14.5 -14.7 1
2016  1 15 -16.9 -17.0 1
2016  1 16 -15.2 -15.4 1
2016  1 17 -10.1 -10.3 1
2016  1 18  -8.6  -8.8 1
2016  1 19  -9.2  -9.4 1
2016  1 20 -10.4 -10.6 1
2016  1 21  -8.4  -8.6 1
2016  1 22  -9.9 -10.1 1
2016  1 23  -3.3  -3.5 1
2016  1 24  -1.1  -1.3 1
2016  1 25  -0.6  -0.8 1
2016  1 26   3.6   3.3 1
2016  1 27   4.7   4.5 1
2016  1 28   2.7   2.5 1
2016  1 29   4.5   4.2 1
2016  1 30   4.2   4.0 1
2016  1 31   0.9   0.6 1
2016  2  1  -2.0  -2.2 1
2016  2  2   3.7   3.5 1
2016  2  3  -0.7  -0.9 1
2016  2  4  -1.4  -1.6 1
2016  2  5  -0.9  -1.1 1
2016  2  6   2.2   1.9 1
2016  2  7   5.1   4.8 1
2016  2  8   4.2   3.9 1
2016  2  9   3.7   3.4 1
2016  2 10   2.4   2.1 1
2016  2 11   0.4   0.1 1
2016  2 12  -1.6  -1.9 1
2016  2 13  -1.9  -2.2 1
2016  2 14  -2.9  -3.2 1
2016  2 15  -6.9  -7.2 1
2016  2 16  -5.4  -5.7 1
2016  2 17  -2.1  -2.4 1
2016  2 18  -0.9  -1.2 1
2016  2 19   0.1  -0.2 1
2016  2 20   0.0  -0.3 1
2016  2 21   1.5   1.1 1
2016  2 22   0.7   0.3 1
2016  2 23  -0.5  -0.9 1
2016  2 24  -1.4  -1.8 1
2016  2 25  -1.1  -1.5 1
2016  2 26  -2.4  -2.9 1
2016  2 27  -2.0  -2.5 1
2016  2 28  -1.5  -2.0 1
2016  2 29  -2.3  -2.9 1
2016  3  1  -1.3  -1.9 1
2016  3  2  -1.0  -1.6 1
2016  3  3   1.2   0.6 1
2016  3  4   1.4   0.8 1
2016  3  5   0.5  -0.1 1
2016  3  6   0.5  -0.1 1
2016  3  7   1.3   0.7 1
2016  3  8   2.4   1.8 1
2016  3  9   2.0   1.4 1
2016  3 10   1.0   0.4 1
2016  3 11   1.6   1.0 1
2016  3 12   0.6  -0.1 1
2016  3 13   1.8   1.1 1
2016  3 14   5.5   4.8 1
2016  3 15   5.4   4.6 1
2016  3 16   5.2   4.5 1
2016  3 17   5.9   5.3 1
2016  3 18   1.2   0.6 1
2016  3 19   0.1  -0.6 1
2016  3 20   0.5  -0.1 1
2016  3 21   1.5   0.9 1
2016  3 22   0.5  -0.1 1
2016  3 23   1.4   0.9 1
2016  3 24   2.2   1.6 1
2016  3 25   4.1   3.5 1
2016  3 26   6.6   6.1 1
2016  3 27   6.6   6.0 1
2016  3 28   6.9   6.3 1
2016  3 29   6.2   5.7 1
2016  3 30   5.5   5.0 1
2016  3 31   4.3   3.8 1
2016  4  1   4.4   3.9 1
2016  4  2   4.3   3.8 1
2016  4  3   7.4   7.0 1
2016  4  4   5.8   5.4 1
2016  4  5   7.4   7.1 1
2016  4  6   6.2   5.9 1
2016  4  7   5.7   5.4 1
2016  4  8   5.8   5.5 1
2016  4  9   4.9   4.6 1
2016  4 10   5.4   5.1 1
2016  4 11   6.9   6.6 1
2016  4 12   8.0   7.7 1
2016  4 13   6.3   6.0 1
2016  4 14   3.8   3.6 1
2016  4 15   7.1   6.8 1
2016  4 16   6.8   6.5 1
2016  4 17   6.6   6.3 1
2016  4 18   7.7   7.4 1
2016  4 19   6.0   5.7 1
2016  4 20   6.2   5.9 1
2016  4 21   5.9   5.6 1
2016  4 22   4.8   4.5 1
2016  4 23   2.8   2.5 1
2016  4 24   2.2   1.9 1
2016  4 25   2.0   1.7 1
2016  4 26   3.9   3.6 1
2016  4 27   3.5   3.1 1
2016  4 28   5.0   4.6 1
2016  4 29   7.2   6.8 1
2016  4 30   7.9   7.6 1
2016  5  1   9.4   9.0 1
2016  5  2  10.9  10.6 1
2016  5  3  12.8  12.4 1
2016  5  4  13.7  13.3 1
2016  5  5  13.7  13.3 1
2016  5  6  14.1  13.7 1
2016  5  7  15.9  15.5 1
2016  5  8  17.2  16.8 1
2016  5  9  18.4  18.0 1
2016  5 10  15.7  15.3 1
2016  5 11  10.2   9.8 1
2016  5 12  10.7  10.2 1
2016  5 13   7.5   7.0 1
2016  5 14   6.4   6.0 1
2016  5 15   8.2   7.7 1
2016  5 16   6.9   6.5 1
2016  5 17   9.7   9.3 1
2016  5 18  12.1  11.6 1
2016  5 19  13.8  13.3 1
2016  5 20  14.8  14.3 1
2016  5 21  13.0  12.5 1
2016  5 22  15.7  15.2 1
2016  5 23  18.7  18.3 1
2016  5 24  14.2  13.7 1
2016  5 25   9.6   9.2 1
2016  5 26   8.2   7.7 1
2016  5 27   9.7   9.3 1
2016  5 28  12.9  12.5 1
2016  5 29  13.2  12.8 1
2016  5 30  15.5  15.1 1
2016  5 31  18.4  18.0 1
2016  6  1  19.8  19.4 1
2016  6  2  20.2  19.8 1
2016  6  3  19.8  19.4 1
2016  6  4  12.8  12.4 1
2016  6  5  10.8  10.4 1
2016  6  6  12.6  12.3 1
2016  6  7  19.1  18.7 1
2016  6  8  13.4  13.0 1
2016  6  9  11.1  10.8 1
2016  6 10   8.9   8.6 1
2016  6 11  10.1   9.8 1
2016  6 12  12.1  11.8 1
2016  6 13  15.6  15.3 1
2016  6 14  16.7  16.3 1
2016  6 15  16.9  16.6 1
2016  6 16  13.1  12.8 1
2016  6 17  14.2  13.8 1
2016  6 18  12.8  12.4 1
2016  6 19  15.7  15.3 1
2016  6 20  16.2  15.9 1
2016  6 21  16.6  16.3 1
2016  6 22  19.4  19.0 1
2016  6 23  19.9  19.5 1
2016  6 24  17.5  17.1 1
2016  6 25  21.8  21.5 1
2016  6 26  18.5  18.2 1
2016  6 27  18.0  17.6 1
2016  6 28  17.9  17.5 1
2016  6 29  17.8  17.5 1
2016  6 30  18.5  18.1 1
2016  7  1  18.2  17.9 1
2016  7  2  17.6  17.3 1
2016  7  3  15.5  15.2 1
2016  7  4  14.5  14.1 1
2016  7  5  15.2  14.9 1
2016  7  6  17.0  16.6 1
2016  7  7  16.7  16.4 1
2016  7  8  17.7  17.3 1
2016  7  9  16.6  16.3 1
2016  7 10  17.6  17.3 1
2016  7 11  18.0  17.6 1
2016  7 12  17.1  16.8 1
2016  7 13  17.0  16.7 1
2016  7 14  17.6  17.3 1
2016  7 15  16.3  16.0 1
2016  7 16  16.9  16.5 1
2016  7 17  17.9  17.6 1
2016  7 18  16.7  16.4 1
2016  7 19  17.5  17.2 1
2016  7 20  19.0  18.7 1
2016  7 21  18.5  18.2 1
2016  7 22  18.6  18.4 1
2016  7 23  20.0  19.8 1
2016  7 24  21.2  21.0 1
2016  7 25  23.3  23.1 1
2016  7 26  19.8  19.6 1
2016  7 27  19.3  19.1 1
2016  7 28  19.6  19.4 1
2016  7 29  19.9  19.7 1
2016  7 30  18.5  18.3 1
2016  7 31  17.9  17.7 1
2016  8  1  17.2  17.1 1
2016  8  2  16.6  16.4 1
2016  8  3  17.0  16.9 1
2016  8  4  16.5  16.4 1
2016  8  5  18.7  18.6 1
2016  8  6  18.8  18.6 1
2016  8  7  18.1  18.0 1
2016  8  8  17.8  17.7 1
2016  8  9  15.0  14.9 1
2016  8 10  13.2  13.1 1
2016  8 11  11.9  11.9 1
2016  8 12  13.8  13.8 1
2016  8 13  17.7  17.7 1
2016  8 14  14.2  14.2 1
2016  8 15  13.7  13.7 1
2016  8 16  15.3  15.2 1
2016  8 17  13.7  13.7 1
2016  8 18  14.6  14.6 1
2016  8 19  15.8  15.8 1
2016  8 20  17.3  17.3 1
2016  8 21  16.8  16.8 1
2016  8 22  17.9  17.9 1
2016  8 23  17.5  17.5 1
2016  8 24  17.6  17.5 1
2016  8 25  18.1  18.0 1
2016  8 26  21.2  21.2 1
2016  8 27  17.8  17.8 1
2016  8 28  12.0  12.0 1
2016  8 29  12.2  12.2 1
2016  8 30  14.0  14.0 1
2016  8 31  16.6  16.6 1
2016  9  1  17.0  17.0 1
2016  9  2  16.3  16.3 1
2016  9  3  15.3  15.3 1
2016  9  4  12.8  12.9 1
2016  9  5  12.3  12.4 1
2016  9  6  16.2  16.2 1
2016  9  7  19.5  19.6 1
2016  9  8  15.6  15.6 1
2016  9  9  16.6  16.7 1
2016  9 10  17.6  17.6 1
2016  9 11  17.6  17.7 1
2016  9 12  15.2  15.3 1
2016  9 13  15.9  16.0 1
2016  9 14  16.5  16.6 1
2016  9 15  16.1  16.2 1
2016  9 16  12.0  12.2 1
2016  9 17  11.9  12.0 1
2016  9 18  11.0  11.1 1
2016  9 19  13.1  13.2 1
2016  9 20  13.9  14.1 1
2016  9 21  12.6  12.8 1
2016  9 22  11.4  11.5 1
2016  9 23  10.9  11.0 1
2016  9 24  12.0  12.1 1
2016  9 25  14.1  14.2 1
2016  9 26  14.6  14.7 1
2016  9 27  13.9  14.0 1
2016  9 28  13.5  13.6 1
2016  9 29  13.1  13.2 1
2016  9 30  12.8  12.9 1
2016 10  1  10.4  10.5 1
2016 10  2   7.1   7.2 1
2016 10  3   6.2   6.3 1
2016 10  4   6.6   6.7 1
2016 10  5   6.7   6.7 1
2016 10  6   7.6   7.7 1
2016 10  7   8.8   8.8 1
2016 10  8   8.0   8.0 1
2016 10  9   8.2   8.3 1
2016 10 10   7.4   7.5 1
2016 10 11   7.2   7.3 1
2016 10 12   6.4   6.5 1
2016 10 13   4.7   4.7 1
2016 10 14   5.0   5.0 1
2016 10 15   6.0   6.0 1
2016 10 16   7.2   7.2 1
2016 10 17   7.1   7.1 1
2016 10 18   7.2   7.1 1
2016 10 19   7.7   7.6 1
2016 10 20   6.8   6.8 1
2016 10 21   6.1   6.0 1
2016 10 22   4.5   4.4 1
2016 10 23   5.2   5.2 1
2016 10 24   6.1   6.0 1
2016 10 25   4.1   4.0 1
2016 10 26   3.8   3.7 1
2016 10 27   8.5   8.4 1
2016 10 28   9.0   8.9 1
2016 10 29   5.7   5.6 1
2016 10 30   5.9   5.8 1
2016 10 31   2.6   2.5 1
2016 11  1   2.6   2.5 1
2016 11  2   1.0   0.9 1
2016 11  3   0.8   0.7 1
2016 11  4  -2.2  -2.3 1
2016 11  5  -0.6  -0.7 1
2016 11  6  -1.8  -1.9 1
2016 11  7  -2.5  -2.6 1
2016 11  8  -2.4  -2.5 1
2016 11  9  -1.9  -2.1 1
2016 11 10  -2.0  -2.1 1
2016 11 11  -2.7  -2.9 1
2016 11 12  -4.6  -4.8 1
2016 11 13   0.1   0.0 1
2016 11 14   1.5   1.3 1
2016 11 15   2.6   2.4 1
2016 11 16   1.5   1.3 1
2016 11 17   4.1   4.0 1
2016 11 18   5.0   4.8 1
2016 11 19   4.5   4.3 1
2016 11 20   3.0   2.8 1
2016 11 21   7.4   7.2 1
2016 11 22   7.4   7.2 1
2016 11 23   7.5   7.4 1
2016 11 24   1.8   1.6 1
2016 11 25   1.4   1.2 1
2016 11 26   4.6   4.4 1
2016 11 27   0.9   0.8 1
2016 11 28  -0.6  -0.8 1
2016 11 29   0.8   0.6 1
2016 11 30   0.8   0.7 1
2016 12  1  -1.5  -1.7 1
2016 12  2  -0.6  -0.8 1
2016 12  3  -4.7  -4.9 1
2016 12  4  -1.6  -1.8 1
2016 12  5   3.7   3.5 1
2016 12  6  -2.0  -2.2 1
2016 12  7   0.5   0.3 1
2016 12  8   6.0   5.8 1
2016 12  9   4.6   4.4 1
2016 12 10  -0.5  -0.6 1
2016 12 11  -1.6  -1.8 1
2016 12 12  -5.7  -5.8 1
2016 12 13  -1.6  -1.8 1
2016 12 14  -0.7  -0.9 1
2016 12 15  -3.7  -3.9 1
2016 12 16   0.4   0.2 1
2016 12 17   0.5   0.3 1
2016 12 18   0.0  -0.2 1
2016 12 19   2.0   1.9 1
2016 12 20   4.7   4.6 1
2016 12 21   1.7   1.6 1
2016 12 22   4.4   4.2 1
2016 12 23   3.1   2.9 1
2016 12 24   4.5   4.3 1
2016 12 25   3.0   2.8 1
2016 12 26   4.9   4.7 1
2016 12 27   1.1   0.9 1
2016 12 28  -0.9  -1.1 1
2016 12 29   3.7   3.6 1
2016 12 30   6.2   6.0 1
2016 12 31   9.1   8.9 1
2017  1  1   2.2   2.0 1
2017  1  2  -1.9  -2.1 1
2017  1  3  -4.3  -4.5 1
2017  1  4  -4.6  -4.8 1
2017  1  5 -12.0 -12.1 1
2017  1  6 -10.5 -10.6 1
2017  1  7  -6.2  -6.3 1
2017  1  8  -5.6  -5.8 1
2017  1  9   1.1   0.9 1
2017  1 10   1.3   1.1 1
2017  1 11   1.4   1.2 1
2017  1 12   1.6   1.4 1
2017  1 13  -1.3  -1.5 1
2017  1 14  -3.8  -3.9 1
2017  1 15  -4.4  -4.6 1
2017  1 16  -2.8  -3.0 1
2017  1 17  -3.5  -3.7 1
2017  1 18   1.5   1.3 1
2017  1 19   3.1   2.9 1
2017  1 20   3.3   3.1 1
2017  1 21   1.7   1.5 1
2017  1 22   0.3   0.2 1
2017  1 23   2.0   1.8 1
2017  1 24  -0.6  -0.8 1
2017  1 25   0.9   0.6 1
2017  1 26   4.4   4.1 1
2017  1 27  -0.4  -0.7 1
2017  1 28  -2.1  -2.4 1
2017  1 29  -0.7  -0.9 1
2017  1 30   2.3   2.1 1
2017  1 31  -0.1  -0.4 1
2017  2  1  -0.6  -0.8 1
2017  2  2  -0.7  -1.0 1
2017  2  3  -1.2  -1.5 1
2017  2  4   0.6   0.3 1
2017  2  5   0.4   0.2 1
2017  2  6  -2.5  -2.8 1
2017  2  7  -5.8  -6.1 1
2017  2  8  -5.0  -5.3 1
2017  2  9  -4.4  -4.7 1
2017  2 10  -2.8  -3.1 1
2017  2 11  -3.5  -3.8 1
2017  2 12  -4.7  -4.9 1
2017  2 13   0.4   0.1 1
2017  2 14   1.5   1.3 1
2017  2 15  -0.1  -0.4 1
2017  2 16  -0.1  -0.4 1
2017  2 17   3.1   2.8 1
2017  2 18   0.4   0.1 1
2017  2 19   4.9   4.6 1
2017  2 20   3.2   2.9 1
2017  2 21  -0.7  -1.1 1
2017  2 22  -0.1  -0.5 1
2017  2 23  -1.6  -2.0 1
2017  2 24  -2.9  -3.3 1
2017  2 25  -1.9  -2.3 1
2017  2 26  -1.0  -1.5 1
2017  2 27   0.9   0.4 1
2017  2 28   3.5   3.0 1
2017  3  1   2.9   2.3 1
2017  3  2   2.3   1.8 1
2017  3  3   1.0   0.4 1
2017  3  4  -1.3  -1.9 1
2017  3  5  -2.8  -3.4 1
2017  3  6  -2.8  -3.4 1
2017  3  7  -3.3  -3.9 1
2017  3  8  -2.0  -2.7 1
2017  3  9   1.4   0.7 1
2017  3 10   1.0   0.4 1
2017  3 11   0.8   0.1 1
2017  3 12   3.0   2.3 1
2017  3 13   4.3   3.6 1
2017  3 14   5.2   4.4 1
2017  3 15   6.3   5.5 1
2017  3 16   5.1   4.4 1
2017  3 17   5.9   5.3 1
2017  3 18   2.1   1.5 1
2017  3 19   0.6   0.0 1
2017  3 20   0.4  -0.2 1
2017  3 21   3.7   3.1 1
2017  3 22   5.4   4.8 1
2017  3 23   3.4   2.8 1
2017  3 24   3.0   2.4 1
2017  3 25   5.0   4.4 1
2017  3 26  10.6  10.1 1
2017  3 27  11.0  10.5 1
2017  3 28   4.5   4.0 1
2017  3 29   1.9   1.3 1
2017  3 30   0.6   0.0 1
2017  3 31   2.4   1.9 1
2017  4  1   6.0   5.5 1
2017  4  2   9.4   8.9 1
2017  4  3   4.5   4.1 1
2017  4  4   7.3   7.0 1
2017  4  5   7.4   7.1 1
2017  4  6   5.4   5.0 1
2017  4  7   4.8   4.4 1
2017  4  8   4.6   4.3 1
2017  4  9   9.4   9.1 1
2017  4 10   7.8   7.5 1
2017  4 11   5.3   5.0 1
2017  4 12   2.6   2.3 1
2017  4 13   1.0   0.8 1
2017  4 14  -0.9  -1.2 1
2017  4 15  -0.7  -1.0 1
2017  4 16  -1.2  -1.5 1
2017  4 17  -1.1  -1.4 1
2017  4 18   0.5   0.2 1
2017  4 19   4.5   4.2 1
2017  4 20   5.7   5.4 1
2017  4 21   7.1   6.8 1
2017  4 22   5.3   5.0 1
2017  4 23   4.2   3.9 1
2017  4 24   2.8   2.5 1
2017  4 25   2.3   2.0 1
2017  4 26   2.7   2.4 1
2017  4 27   3.8   3.5 1
2017  4 28   4.4   4.0 1
2017  4 29   4.2   3.9 1
2017  4 30   6.6   6.2 1
2017  5  1  10.5  10.1 1
2017  5  2  10.5  10.2 1
2017  5  3   8.2   7.8 1
2017  5  4   7.0   6.6 1
2017  5  5  12.1  11.7 1
2017  5  6  10.5  10.1 1
2017  5  7   6.5   6.1 1
2017  5  8   2.4   2.0 1
2017  5  9   1.5   1.1 1
2017  5 10   1.9   1.5 1
2017  5 11   4.1   3.6 1
2017  5 12   6.1   5.6 1
2017  5 13   7.9   7.4 1
2017  5 14  11.0  10.5 1
2017  5 15   5.4   5.0 1
2017  5 16   8.5   8.1 1
2017  5 17  10.4  10.0 1
2017  5 18  17.2  16.7 1
2017  5 19  19.7  19.3 1
2017  5 20  11.9  11.5 1
2017  5 21  14.7  14.3 1
2017  5 22  14.3  13.8 1
2017  5 23  12.1  11.7 1
2017  5 24  15.1  14.7 1
2017  5 25  14.7  14.2 1
2017  5 26  14.9  14.5 1
2017  5 27  19.3  18.9 1
2017  5 28  21.3  20.9 1
2017  5 29  13.9  13.5 1
2017  5 30  10.9  10.5 1
2017  5 31  12.3  11.9 1
2017  6  1   9.7   9.3 1
2017  6  2   9.7   9.3 1
2017  6  3  11.5  11.1 1
2017  6  4  12.6  12.2 1
2017  6  5  13.3  12.9 1
2017  6  6  16.3  15.9 1
2017  6  7  13.7  13.3 1
2017  6  8  13.4  13.0 1
2017  6  9  14.4  14.0 1
2017  6 10  16.2  15.9 1
2017  6 11  16.4  16.0 1
2017  6 12  15.1  14.8 1
2017  6 13  12.6  12.2 1
2017  6 14  17.1  16.7 1
2017  6 15  17.6  17.2 1
2017  6 16  17.5  17.2 1
2017  6 17  18.9  18.5 1
2017  6 18  21.1  20.8 1
2017  6 19  19.1  18.8 1
2017  6 20  14.4  14.0 1
2017  6 21  14.2  13.8 1
2017  6 22  13.7  13.4 1
2017  6 23  15.2  14.8 1
2017  6 24  15.3  15.0 1
2017  6 25  14.5  14.1 1
2017  6 26  13.8  13.4 1
2017  6 27  13.6  13.3 1
2017  6 28  15.0  14.7 1
2017  6 29  14.0  13.6 1
2017  6 30  18.0  17.6 1
2017  7  1  17.8  17.4 1
2017  7  2  17.7  17.3 1
2017  7  3  15.4  15.0 1
2017  7  4  13.3  12.9 1
2017  7  5  14.2  13.8 1
2017  7  6  15.0  14.6 1
2017  7  7  18.6  18.3 1
2017  7  8  17.7  17.3 1
2017  7  9  17.4  17.0 1
2017  7 10  18.8  18.4 1
2017  7 11  16.8  16.5 1
2017  7 12  18.4  18.0 1
2017  7 13  15.1  14.7 1
2017  7 14  16.3  16.0 1
2017  7 15  18.1  17.8 1
2017  7 16  17.6  17.2 1
2017  7 17  17.0  16.7 1
2017  7 18  15.9  15.6 1
2017  7 19  15.8  15.5 1
2017  7 20  16.2  15.9 1
2017  7 21  16.1  15.8 1
2017  7 22  16.6  16.3 1
2017  7 23  16.5  16.3 1
2017  7 24  16.6  16.4 1
2017  7 25  17.4  17.2 1
2017  7 26  17.0  16.7 1
2017  7 27  18.8  18.5 1
2017  7 28  16.4  16.2 1
2017  7 29  18.6  18.4 1
2017  7 30  19.5  19.3 1
2017  7 31  19.5  19.4 1
2017  8  1  19.5  19.4 1
2017  8  2  19.1  18.9 1
2017  8  3  18.3  18.2 1
2017  8  4  16.8  16.6 1
2017  8  5  16.0  15.9 1
2017  8  6  15.1  15.0 1
2017  8  7  16.9  16.8 1
2017  8  8  18.8  18.7 1
2017  8  9  18.9  18.8 1
2017  8 10  18.3  18.3 1
2017  8 11  20.0  20.0 1
2017  8 12  17.5  17.4 1
2017  8 13  13.3  13.3 1
2017  8 14  16.3  16.2 1
2017  8 15  16.9  16.9 1
2017  8 16  16.5  16.5 1
2017  8 17  17.6  17.6 1
2017  8 18  16.2  16.2 1
2017  8 19  16.4  16.4 1
2017  8 20  16.2  16.2 1
2017  8 21  15.3  15.4 1
2017  8 22  13.6  13.6 1
2017  8 23  13.7  13.7 1
2017  8 24  14.4  14.4 1
2017  8 25  11.8  11.7 1
2017  8 26  12.3  12.3 1
2017  8 27  10.7  10.7 1
2017  8 28  13.5  13.5 1
2017  8 29  18.3  18.2 1
2017  8 30  18.2  18.2 1
2017  8 31  12.6  12.6 1
2017  9  1  13.6  13.6 1
2017  9  2  11.2  11.2 1
2017  9  3  13.3  13.3 1
2017  9  4  13.1  13.1 1
2017  9  5  13.8  13.9 1
2017  9  6  11.9  11.9 1
2017  9  7  10.3  10.4 1
2017  9  8  11.7  11.7 1
2017  9  9  13.8  13.9 1
2017  9 10  14.5  14.6 1
2017  9 11  15.0  15.1 1
2017  9 12  15.2  15.3 1
2017  9 13  13.4  13.5 1
2017  9 14  12.7  12.8 1
2017  9 15  12.1  12.2 1
2017  9 16  11.4  11.6 1
2017  9 17  10.8  11.0 1
2017  9 18   9.1   9.2 1
2017  9 19   9.7   9.8 1
2017  9 20   8.5   8.6 1
2017  9 21  11.3  11.4 1
2017  9 22  11.9  12.1 1
2017  9 23  13.0  13.1 1
2017  9 24  13.9  14.0 1
2017  9 25  13.8  13.9 1
2017  9 26  13.4  13.5 1
2017  9 27  13.3  13.4 1
2017  9 28  12.9  13.0 1
2017  9 29  11.8  11.9 1
2017  9 30  11.7  11.8 1
2017 10  1  10.5  10.6 1
2017 10  2  11.7  11.8 1
2017 10  3  12.2  12.3 1
2017 10  4  10.7  10.8 1
2017 10  5   8.4   8.5 1
2017 10  6   8.7   8.8 1
2017 10  7   5.5   5.6 1
2017 10  8   6.4   6.5 1
2017 10  9   8.4   8.5 1
2017 10 10   6.7   6.8 1
2017 10 11   5.9   6.0 1
2017 10 12   9.8   9.9 1
2017 10 13   7.4   7.4 1
2017 10 14  11.1  11.0 1
2017 10 15  10.7  10.6 1
2017 10 16  13.4  13.3 1
2017 10 17  10.7  10.7 1
2017 10 18   7.6   7.6 1
2017 10 19   3.4   3.3 1
2017 10 20   3.6   3.5 1
2017 10 21   4.0   3.9 1
2017 10 22   3.6   3.6 1
2017 10 23   4.2   4.1 1
2017 10 24   4.0   3.9 1
2017 10 25   7.5   7.4 1
2017 10 26   4.6   4.5 1
2017 10 27   4.4   4.3 1
2017 10 28   5.7   5.6 1
2017 10 29   2.8   2.7 1
2017 10 30   2.0   1.9 1
2017 10 31   1.2   1.1 1
2017 11  1   4.7   4.6 1
2017 11  2   5.5   5.4 1
2017 11  3   3.7   3.5 1
2017 11  4   7.9   7.7 1
2017 11  5   8.9   8.8 1
2017 11  6   5.2   5.0 1
2017 11  7   2.6   2.4 1
2017 11  8   3.2   3.0 1
2017 11  9   6.2   6.0 1
2017 11 10   4.5   4.4 1
2017 11 11   4.0   3.9 1
2017 11 12   1.0   0.9 1
2017 11 13  -0.5  -0.7 1
2017 11 14  -1.4  -1.6 1
2017 11 15   0.4   0.2 1
2017 11 16   1.2   1.0 1
2017 11 17   4.6   4.4 1
2017 11 18   3.3   3.1 1
2017 11 19  -0.8  -1.0 1
2017 11 20  -1.2  -1.3 1
2017 11 21  -2.9  -3.1 1
2017 11 22  -2.3  -2.4 1
2017 11 23   6.7   6.5 1
2017 11 24   5.0   4.8 1
2017 11 25   1.1   1.0 1
2017 11 26   0.4   0.3 1
2017 11 27   2.9   2.7 1
2017 11 28   2.9   2.7 1
2017 11 29   3.0   2.9 1
2017 11 30   1.8   1.7 1
2017 12  1   0.7   0.5 1
2017 12  2  -0.1  -0.3 1
2017 12  3   2.7   2.5 1
2017 12  4  -1.5  -1.7 1
2017 12  5  -2.6  -2.8 1
2017 12  6  -2.9  -3.1 1
2017 12  7   3.4   3.2 1
2017 12  8   4.8   4.6 1
2017 12  9   2.9   2.7 1
2017 12 10   0.5   0.3 1
2017 12 11  -1.1  -1.3 1
2017 12 12  -0.5  -0.7 1
2017 12 13  -1.9  -2.1 1
2017 12 14   1.2   1.0 1
2017 12 15   1.2   1.0 1
2017 12 16   0.7   0.6 1
2017 12 17  -4.5  -4.7 1
2017 12 18  -0.6  -0.7 1
2017 12 19  -2.2  -2.4 1
2017 12 20   1.6   1.4 1
2017 12 21  -0.8  -0.9 1
2017 12 22  -2.2  -2.4 1
2017 12 23   2.1   2.0 1
2017 12 24  -0.3  -0.5 1
2017 12 25   0.0  -0.1 1
2017 12 26   1.4   1.3 1
2017 12 27   2.6   2.4 1
2017 12 28   2.9   2.8 1
2017 12 29   2.2   2.1 1
2017 12 30   0.5   0.3 1
2017 12 31   1.5   1.3 1
